-4,896 -3,647
1,341 6,742
-3,495 -3,612
1,247 7,054
-3,36 -3,785
2,158 5,725
-4,359 -1,236
1,389 7,245
-3,46 -3,91
2,434 5,782
-4,01 -3,436
2,191 5,392
-4,01 -1,174
1,084 7,137
-3,82 -1,422
2,794 6,181
-4,174 -3,641
3,422 6,664
-3,347 -3,442
2,88 6,041
-2,476 -2,629
2,436 6,715
-3,892 -1,977
2,648 6,268
-3,181 -2,609
3,371 5,253
-4,201 -2,54
2,48 5,373
-2,394 -3,848
2,411 7,136
-3,5 -1,941
2,012 7,205
-2,221 -2,623
2,8 5,852
-4,279 -1,437
2,617 5,512
-2,928 -3,645
2,924 7,58
-3,409 -3,882
2,793 6,687
-4,885 -1,718
3,68 5,544
-4,301 -2,559
3,214 6,972
-4,071 -3,005
3,681 5,427
-3,424 -2,95
1,855 6,629
-3,387 -1,931
1,904 5,661
-3,436 -1,264
1,992 5,284
-3,267 -2,813
2,447 7,157
-2,853 -3,12
3,979 7,22
-2,195 -3,082
1,505 6,535
-2,503 -3,345
1,298 7,612
-4,34 -3,473
1,05 5,37
-3,43 -3,584
2,965 6,177
-3,088 -3,899
1,609 7,118
-2,08 -3,08
1,773 7,141
-3,8 -1,237
1,584 5,554
-3,64 -3,153
2,8 6,859
-2,928 -2,893
1,887 6,69
-2,497 -2,205
3,427 7,259
-3,781 -3,468
2,144 6,865
-3,434 -1,586
3,596 7,249
-3,026 -1,191
1,155 5,202
-2,55 -1,302
3,046 7,903
-4,31 -3,637
3,79 7,828
-2,035 -1,453
3,79 6,358
-4,124 -2,792
3,895 6,829
-4,555 -3,015
3,115 6,405
-4,666 -3,899
2,15 5,532
-4,723 -1,406
3,096 7,149
-4,942 -2,038
2,407 6,217
-4,882 -3,108
3,029 5,137
-3,449 -3,08
3,319 6,804
-3,333 -3,775
1,648 7,981
-4,09 -2,897
3,553 6,86
-4,654 -3,031
2,851 6,499
-3,214 -2,988
3,983 6,773
-3,477 -3,614
1,97 5,435
-3,165 -2,108
1,817 5,059
-3,947 -3,9
3,421 5,827
-2,009 -2,506
2,877 6,094
-3,702 -3,356
3,409 7,849
-2,533 -2,089
3,685 5,154
-4,875 -3,441
2,731 5,565
-4,579 -3,604
1,183 6,828
-3,092 -1,538
3,424 7,864
-4,682 -2,675
3,384 5,259
-3,665 -2,058
2,255 6,424
-3,412 -1,083
3,7 7,648
-3,31 -2,498
1,893 5,313
-3,3 -2,309
3,092 5,506
-3,022 -3,306
3,31 7,021
-3,75 -2,278
2,107 7,747
-2,636 -3,6
1,949 5,341
-2,511 -1,619
3,306 7,857
-3,875 -2,321
1,338 5,319
-3,321 -2,548
2,999 5,763
-2,902 -2,184
1,984 6,414
-2,207 -2,517
1,113 5,132
-2,132 -3,222
2,117 6,515
-3,166 -1,668
2,762 7,676
-2,47 -3,081
3,754 7,022
-4,979 -1,254
3,76 5,498
-3,952 -2,424
1,844 6,384
-4,146 -2,843
1,487 5,181
-4,862 -1,716
1,014 5,34
-4,024 -1,159
2,329 5,225
-2,853 -1,911
2,466 6,154
-4,073 -2,836
2,299 6,476
-4,815 -2,486
3,012 7,513
-4,822 -2,405
1,368 6,798
-4,241 -1,04
2,751 7,369
-3,99 -3,168
3,482 6,059
-2,648 -3,87
2,311 5,804
-4,53 -2,964
3,231 6,143
-2,822 -2,21
1,336 5,341
-4,638 -2,648
3,656 7,992
-4,349 -2,093
1,961 7,055
-4,452 -1,858
3,68 7,137
-4,379 -2,762
1,12 7,284
-2,498 -1,782
2,873 6,176
-3,493 -2,312
2,23 5,374
