X   Y
-4,658 -2,295
3,202 7,179
7,152 0,532
-2,488 -2,803
2,626 6,83
8,518 0,832
-2,166 -2,877
1,314 6,635
7,266 0,242
-3,503 -2,33
1,251 6,05
9,436 1,308
-2,552 -1,32
2,947 6,126
7,874 -1,962
-2,402 -1,505
1,895 7,373
8,198 0,512
-3,752 -3,849
2,434 5,47
8,993 -1,712
-4,768 -1,455
1,251 7,327
9,625 -1,662
-2,992 -2,258
1,501 7,549
9,158 0,563
-4,482 -3,724
3,613 7,371
7,954 0,107
-2,21 -2,484
3,916 7,392
7,752 1,481
-3,551 -1,798
1,525 5,679
8,837 0,083
-2,799 -1,666
1,326 7,185
9,571 1,322
-3,732 -1,457
2,06 7,101
9,379 1,475
-2,34 -2,419
1,289 5,88
8,443 0,622
-4,774 -3,379
2,2 7,243
9,614 1,908
-3,335 -3,373
2,197 6,815
9,408 0,078
-4,552 -1,894
3,142 6,201
9,639 0,001
-2,998 -3,154
2,96 7,51
9,943 0,895
-3,431 -2,341
3,045 5,226
8,545 -1,114
-4,822 -1,862
2,092 6,714
7,643 -1,405
-4,791 -3,937
3,028 5,048
7,565 -0,535
-2,343 -2,211
3,981 7,723
9,183 1,323
-4,116 -2,586
2,149 6,659
9,978 -0,801
-4,923 -1,49
3,557 5,805
9,097 1,385
-2,638 -3,907
2,258 5,312
7,83 -0,697
-2,699 -1,645
2,457 7,18
7,558 -0,148
-4,058 -2,933
3,682 5,969
9,454 0,148
-2,503 -2,963
1,968 6,452
8,84 1,218
-4,848 -3,333
1,381 5,313
8,026 1,99
-4,768 -1,366
2,42 5,832
8,783 1,742
-4,848 -3,313
2,158 6,892
8,261 -1,796
-4,021 -1,103
2,35 6,862
8,639 1,284
-3,519 -3,621
2,836 5,918
9,927 1,257
-2,87 -1,673
3,283 5,392
8,944 0,631
-3,327 -3,547
1,205 5,719
7,876 0,063
-3,831 -3,99
2,155 7,676
7,336 1,27
-4,876 -3,96
2,051 5,561
8,084 -0,721
-4,921 -3,76
1,9 6,997
8,691 -0,532
-4,154 -2,666
2,928 7,461
7,303 -1,071
-2,472 -2,165
1,43 7,69
7,079 -0,724
-2,147 -3,654
1,174 5,759
9,695 -1,627
-2,631 -2,2
1,672 6,098
8,517 1,976
-3,858 -3,298
2,002 7,112
7,851 -0,758
-4,824 -1,001
3,109 6,055
7,048 -1,373
-3,433 -1,693
3,544 5,202
9,439 -1,819
-4,917 -3,287
3,188 5,634
9,253 -1,229
-4,538 -2,882
3,704 6,814
7,54 -1,578
-3,19 -2,486
3,462 5,087
9,522 0,663
-2,501 -2,326
2,822 6,365
7,238 -1,924
-3,909 -2,012
3,361 6,995
8,543 -0,655
-2,62 -3,264
2,215 6,423
8,424 0,657
-2,332 -1,402
1,895 7,183
8,073 1,823
-4,168 -1,124
3,534 5,087
9,755 -1,125
-2,379 -1,629
1,468 5,872
7,345 1,537
-4,877 -3,461
2,602 7,776
8,922 -1,125
-2,072 -2,222
2,109 6,673
9,263 1,722
-4,569 -3,814
2,455 6,242
9,752 -1,603
-2,686 -1,015
2,419 6,262
9,345 1,385
-2,44 -2,251
3,37 6,009
9,329 -0,628
-3,106 -3,004
3,311 5,2
7,142 -0,753
-2,853 -2,617
1,99 7,679
8,444 1,349
-3,681 -3,698
1,279 5,362
8,934 -1,764
-2,023 -2,78
2,261 6,684
7,173 0,106
-3,872 -2,626
2,006 6,49
7,212 0,724
-2,54 -3,5
1,568 7,755
7,118 0,979
-4,11 -1,029
3,91 7,096
9,02 -1,592
-3,633 -3,111
2,888 6,926
9,42 0,482
-3,529 -3,689
1,777 6,32
9,679 1,145
-4,921 -2,687
3,025 5,788
8,275 0,888
-3,144 -2,392
3,725 6,618
8,529 1,433
-3,586 -3,872
2,675 7,604
8,877 -1,714
-4,227 -1,246
1,442 5,522
7,03 -0,804
-3,734 -2,492
1,128 6,647
7,098 1,871
-3,38 -1,838
3,657 5,777
7,664 0,863
-4,875 -2,438
2,379 7,814
7,322 -0,7
-2,887 -1,718
3,633 7,728
8,516 1,674
-4,928 -3,524
2,024 6,479
9,831 -0,195
-3,169 -1,395
1,214 5,336
7,658 -0,262
-2,773 -3,446
3,55 7,788
8,854 -1,149
-4,854 -1,505
1,226 6,155
7,48 1,636
-3,92 -3,847
2,254 7,569
8,655 -1,965
-3,634 -3,688
1,143 5,382
7,049 0,297
-3,948 -1,05
2,863 7,396
9,982 -1,613
-4,524 -1,736
1,466 7,83
8,362 -0,733
-3,892 -2,716
1,916 7,161
9,395 0,316
-4,245 -2,18
3,52 6,234
8,072 1,638
-4,064 -1,419
3,732 6,698
9,083 0,99
-3,118 -2,559
2,11 5,688
8,941 -1,654
-3,959 -1,569
1,834 6,329
7,27 -1,987
-2,265 -2,752
1,56 7,364
8,055 -1,081
-2,737 -1,855
1,869 6,532
9,756 1,286
-3,155 -3,913
2,874 7,258
7,26 -0,114
-2,714 -1,733
1,233 5,815
9,631 0,206
-2,706 -2,448
2,803 7,429
8,337 -0,788
-4,782 -3,336
1,078 5,269
7,154 -1,484
-4,664 -2,021
1,878 6,769
8,875 -0,878
-4,91 -3,85
2,07 5,62
8,813 0,334
-3,645 -1,905
3,95 7,798
8,704 0,721
-2,483 -3,955
2,061 7,068
7,861 -1,793
-3,78 -1,349
2,033 5,37
9,941 1,533
-3,474 -3,652
1,494 7,49
7,218 -0,817
-4,257 -2,436
1,644 7,444
8,386 1,056
-2,74 -2,032
1,551 6,21
8,853 0,674
-4,778 -1,789
3,987 6,074
9,429 -0,216
-2,736 -3,49
1,296 7,551
9,635 -0,762
-4,927 -2,491
2,929 6,736
8,67 -0,117
-3,213 -1,134
3,416 7,696
7,206 0,883
-2,782 -2,243
2,758 5,324
8,308 -1,695
-4,32 -1,173
3,183 7,112
9,36 1,784
-4,168 -2,687
1,929 5,814
8,309 0,278
-2,108 -3,737
3,457 5,744
7,573 -0,207
-2,162 -2,728
2,485 7,212
8,09 0,98
-3,791 -1,575
1,35 7,486
7,811 -1,126
-4,878 -2,55
1,384 5,505
7,458 -0,364
-3,552 -2,971
2,679 5,915
8,053 -1,564
-3,357 -1,528
1,663 5,522
8,438 0,002
-4,493 -1,671
1,535 6,651
8,962 -0,95
-4,957 -3,423
1,114 5,265
7,125 -0,738
-2,943 -1,559
2,404 6,217
9,098 -0,211
-4,018 -2,656
3,792 5,292
7,17 -0,993
-2,296 -3,388
2,393 7,891
9,723 0,227
-4,128 -2,394
3,922 7,085
7,044 1,611
-3,184 -1,975
3,285 6,33
7,669 1,488
-2,824 -3,557
2,5 5,6
8,916 -1,67
-3,312 -1,619
3,492 5,27
7,486 -0,223
-2,346 -3,804
3,645 5,968
9,826 1,34
-2,128 -1,476
2,997 5,317
9,514 0,465
-2,442 -3,871
2,121 7,028
7,258 1,337
-2,639 -2,018
1,199 6,607
7,166 -0,986
-3,659 -3,715
2,546 5,744
8,83 -1,392
-3,74 -3,697
3,789 5,232
7,905 0,851
-4,347 -2,633
1,582 5,767
7,159 1,138
-3,696 -1,287
2,082 5,928
7,038 1,269
-3,108 -3,925
2,78 6,988
9,841 0,713
-3,216 -3,059
2,33 5,29
7,144 1,672
-3,706 -2,49
3,204 5,652
7,203 -0,245
-3,799 -3,294
3,561 6,03
8,206 -0,009
-3,003 -2,455
2,943 6,545
8,107 -0,491
-2,962 -3,118
2,12 7,792
7,511 1,453
-4,0 -2,954
1,888 7,609
9,02 -0,45
-2,393 -1,877
2,549 7,932
9,065 1,03
-3,519 -1,141
1,836 5,751
7,975 -1,857
-4,172 -1,75
1,521 6,47
9,92 -1,078
-4,557 -1,768
3,401 7,806
8,785 -0,587
-2,411 -3,344
1,766 5,767
9,64 1,662
-2,532 -1,42
1,904 6,389
8,581 -0,379
-2,671 -3,565
2,386 7,783
8,791 -1,723
-4,852 -2,781
1,927 7,866
8,438 1,722
-4,803 -2,611
2,213 5,073
9,938 -0,799
-4,223 -3,353
3,644 7,212
8,788 -1,777
-3,556 -2,542
3,63 7,518
7,517 1,855
-3,446 -3,961
2,306 5,949
8,217 -0,185
-2,487 -3,986
3,98 5,709
7,469 -0,739
-4,438 -1,708
1,465 7,953
9,314 0,915
-4,46 -1,46
2,936 6,846
8,037 -0,149
-3,595 -3,1
3,038 5,923
7,964 -0,8
-4,567 -2,873
1,805 7,371
8,414 0,66
-4,091 -1,519
3,196 6,922
8,443 1,021
-2,35 -3,508
2,744 6,575
8,717 1,959
-3,05 -2,769
1,647 5,839
8,199 1,427
-2,505 -2,471
2,335 7,297
8,2 0,32
-4,181 -1,38
3,6 5,851
8,187 -1,733
-4,264 -3,867
3,957 7,557
7,545 -1,687
-4,932 -1,853
3,218 7,377
7,078 -1,04
-4,813 -1,7
1,61 7,817
9,681 -1,644
-3,829 -1,962
1,691 7,332
9,298 1,572
-4,077 -3,94
3,061 7,653
8,287 -0,331
-3,603 -3,779
2,994 7,965
7,37 -0,767
-4,23 -1,638
2,774 5,843
9,361 1,79
-2,8 -2,522
3,423 5,838
9,734 -1,876
-2,801 -1,151
3,42 7,127
8,845 -0,98
-4,669 -3,059
1,707 6,489
8,202 0,689
-4,673 -2,123
2,799 7,447
9,936 -1,391
-4,789 -1,753
3,464 5,837
9,088 -1,8
-4,265 -1,072
2,074 6,768
9,208 -0,901
-2,361 -2,539
2,049 6,389
8,128 0,591
-4,173 -1,897
3,039 7,332
9,111 -1,182
-3,778 -2,611
2,243 6,883
9,402 1,15
-3,034 -2,164
1,656 6,315
7,288 1,79
-3,538 -2,533
2,694 7,203
9,306 -1,148
-4,117 -1,262
1,869 7,876
7,37 0,747
-4,397 -1,904
3,92 6,933
7,705 -1,052
-4,712 -2,801
3,279 5,78
8,239 -0,433
-2,912 -3,038
1,393 6,984
9,822 0,985
-2,763 -2,97
2,813 7,067
7,801 0,223
-2,811 -2,389
1,582 7,162
8,385 1,845
-3,576 -3,026
1,342 5,794
9,78 0,258
-4,552 -1,781
1,482 5,815
8,362 0,422
-3,899 -1,268
3,204 7,348
9,705 -0,082
-4,608 -3,06
2,184 6,835
8,288 -0,642
-4,715 -1,486
1,785 5,409
7,709 -1,132
-2,302 -3,528
3,066 5,929
7,932 1,464
-3,837 -2,031
2,676 5,308
7,206 -0,163
-3,14 -2,249
1,906 6,087
7,152 -1,069
-3,473 -2,507
1,712 6,129
8,625 -1,947
-3,041 -3,549
2,057 5,151
7,809 0,242
-4,795 -3,127
3,489 7,311
7,279 1,893
-3,292 -1,851
2,049 5,058
9,786 0,895
-3,304 -2,327
1,452 7,898
8,482 -0,333
-4,105 -3,606
3,449 6,708
8,664 1,727
-4,132 -1,049
2,99 7,805
7,424 -0,657
-4,197 -2,887
2,24 6,65
9,772 0,47
-3,126 -2,598
2,363 6,694
8,373 1,84
-2,183 -2,662
2,499 5,829
8,054 -1,533
-4,433 -3,73
2,596 7,749
9,59 0,134
-2,088 -1,093
1,657 6,846
9,294 -0,474
-2,125 -3,265
3,565 6,469
7,84 -0,757
-2,906 -3,311
1,747 6,04
9,116 0,096
-2,533 -1,682
3,003 6,2
7,082 -0,616
-3,661 -1,985
2,278 7,528
7,479 -1,034
-4,023 -1,925
3,315 6,212
7,304 -1,012
-3,517 -1,006
3,974 7,005
8,273 1,577
-2,096 -1,224
3,577 7,539
9,445 0,209
-2,473 -1,707
3,296 7,558
9,914 -1,024
-3,598 -1,964
2,796 6,446
8,857 1,201
-2,449 -2,651
1,144 7,922
8,025 -0,064
-4,409 -2,43
1,175 5,092
9,941 -1,495
-3,367 -3,849
3,596 5,943
9,984 0,649
-4,762 -3,25
3,077 5,857
9,767 -1,567
-3,608 -1,569
3,162 6,585
9,877 1,263
-4,006 -3,224
1,396 5,022
7,122 -1,111
-2,348 -1,333
2,984 6,092
7,2 0,28
-4,056 -2,255
3,558 6,934
7,173 -0,872
-2,639 -3,028
3,15 7,568
7,03 1,559
-4,486 -2,397
1,105 7,985
8,946 0,361
-4,937 -2,055
1,427 6,486
8,527 -0,811
-3,748 -3,97
2,261 7,56
7,562 -0,958
-2,363 -3,499
1,509 5,015
9,196 1,029
-2,678 -2,277
1,623 5,342
7,746 0,166
-4,341 -1,598
3,065 6,471
7,564 0,488
-3,6 -3,499
2,565 7,007
9,013 0,722
-3,688 -1,256
1,706 5,648
8,044 -1,582
-2,832 -1,102
2,063 6,251
8,287 0,487
-2,017 -1,651
2,185 7,155
8,659 1,488
-3,309 -1,576
3,251 6,271
9,957 -1,11
-3,183 -3,723
3,431 7,878
7,768 -0,362
-2,133 -3,008
3,467 7,318
8,01 -0,328
-4,277 -2,809
2,932 6,174
7,324 -0,011
-4,162 -3,943
3,717 6,088
8,683 -0,609
-4,011 -1,965
1,594 5,984
8,594 -1,384
-3,743 -1,615
1,389 5,619
9,626 -0,538
-4,355 -3,472
3,207 7,895
7,972 1,354
-4,249 -2,849
1,519 7,23
9,43 -0,514
-4,594 -1,157
3,744 7,368
9,497 1,695
-3,446 -1,724
2,856 5,143
8,901 -0,272
-2,198 -2,164
2,627 7,166
9,658 1,23
-4,738 -3,43
3,865 5,779
7,887 1,656
-3,666 -1,154
1,73 7,614
8,658 0,351
-3,661 -2,576
3,894 6,993
7,627 1,857
-4,014 -2,623
1,96 6,019
8,008 -0,97
-4,076 -2,024
2,602 5,688
7,843 -0,503
-3,128 -3,38
2,7 7,88
7,02 -0,675
-2,701 -1,825
3,818 5,535
9,705 -1,446
-2,566 -1,567
3,235 5,376
8,982 -0,484
-2,139 -2,518
2,501 6,562
7,506 -1,583
-4,681 -3,021
2,35 5,313
8,998 0,724
-2,461 -2,703
2,705 5,919
7,884 0,666
-4,972 -3,573
3,107 5,447
7,496 1,168
-3,191 -3,767
2,726 6,847
8,764 -0,742
-2,684 -1,991
3,376 7,705
7,451 -0,815
-3,181 -3,6
3,756 7,827
8,535 -1,857
-3,102 -3,835
3,434 6,663
9,869 0,42
-4,321 -1,713
3,406 6,907
8,936 1,405
-3,546 -3,851
2,342 6,335
7,177 0,097
-2,167 -1,997
1,297 7,961
9,369 -0,386
-2,306 -2,454
2,847 6,327
8,17 0,94
-2,284 -3,717
2,684 7,278
8,141 -0,428
-3,705 -3,147
3,014 7,043
9,243 -1,269
-3,521 -1,098
2,527 6,937
9,997 1,839
-3,786 -2,132
2,977 5,514
9,088 1,858
-3,315 -3,392
1,783 6,407
8,16 1,854
-2,784 -2,997
3,578 7,906
9,234 1,251
-4,567 -3,195
3,082 5,524
7,026 -1,455
-4,105 -3,48
1,977 5,294
9,756 -0,239
-4,581 -2,503
1,676 6,629
9,564 -0,02
-2,532 -3,397
1,884 7,371
8,576 0,063
-3,976 -1,832
1,781 7,927
9,417 -1,868
-3,377 -2,831
1,571 7,172
7,119 0,38
-2,393 -2,561
2,332 5,6
7,506 0,713
-3,642 -2,53
1,003 6,749
8,164 -0,738
-2,194 -2,437
2,689 7,476
9,016 1,832
-4,262 -2,31
2,192 6,329
7,793 0,488
-2,701 -3,886
3,042 6,581
7,199 -0,767
-3,009 -1,369
1,03 5,884
8,898 -1,746
-4,501 -2,247
2,848 7,214
7,437 -0,224
-2,044 -2,49
2,621 6,322
7,671 -0,705
-2,619 -2,07
2,818 7,72
8,662 0,143
-2,927 -3,076
3,184 5,785
7,558 -0,659
-3,419 -3,116
3,524 6,5
8,184 -1,067
-4,907 -1,177
3,648 7,457
7,856 -1,247
-3,663 -3,504
1,385 6,443
8,917 1,785
-2,997 -2,516
3,319 5,966
7,836 0,522
-3,238 -3,52
1,471 6,542
8,209 1,144
-2,892 -1,993
2,927 5,633
8,433 -1,127
-4,526 -1,067
1,096 5,314
9,616 1,944
-4,632 -3,093
2,001 5,902
7,187 0,949
-2,018 -2,722
3,042 7,947
9,882 -1,929
-3,36 -2,114
2,725 6,949
7,141 0,151
-4,569 -2,341
2,286 6,298
9,654 -0,148
-2,778 -1,023
3,877 6,881
9,759 -0,798
-4,535 -1,197
2,877 6,591
7,84 0,266
-3,039 -1,064
1,488 5,605
7,188 0,625
-2,064 -3,112
3,966 7,139
7,561 1,918
-4,273 -1,247
1,697 7,339
7,639 -0,654
-3,271 -2,349
3,851 7,866
8,785 1,395
-3,758 -2,612
1,595 7,185
9,807 -1,53
-2,777 -2,889
3,941 7,818
9,623 -1,481
-4,777 -3,033
2,362 6,479
9,322 0,419
-4,324 -2,061
3,918 5,496
9,168 -0,351
-4,554 -1,53
1,225 7,876
9,725 1,887
-2,647 -3,751
3,789 7,091
8,459 -1,614
-4,758 -1,733
3,93 6,579
7,836 -0,887
-4,98 -2,304
2,389 7,439
8,566 -1,348
-4,08 -1,173
1,966 5,672
9,728 0,57
-3,383 -2,806
2,714 7,841
7,699 1,573
-3,946 -2,168
3,0 7,478
7,868 1,192
-2,374 -2,219
2,315 5,652
8,17 1,929
-2,307 -2,313
1,912 6,524
8,419 -1,996
-3,626 -2,487
3,357 7,484
9,305 1,022
-4,413 -2,142
3,192 5,879
7,51 1,015
-4,812 -3,683
1,186 5,789
8,722 1,698
-4,575 -3,258
2,793 6,017
7,078 -1,182
-3,951 -1,473
3,388 7,896
7,533 0,686
-2,625 -2,66
2,994 6,441
8,908 1,756
-4,621 -3,76
1,267 6,05
7,002 1,447
-2,369 -2,204
1,776 7,29
7,891 -1,034
-2,077 -1,541
1,079 6,819
9,016 -1,47
-2,32 -2,858
1,597 6,182
7,016 -0,995
-4,721 -1,635
1,771 6,936
9,101 0,483
-3,295 -1,108
3,378 7,079
7,191 1,06
-2,261 -1,722
1,231 5,621
9,082 0,172
-2,922 -3,264
1,535 6,172
8,668 -0,265
-4,597 -3,694
