X Y
9,823907006320509 24,60150030070385
1,082859021098425 23,295408558358876
14,582921046259543 20,766616095148514
16,486621415162855 20,551924652053234
9,758688705592172 24,60181196758088
3,801522406804175 23,3478426006705
5,043645535525299 23,053080646830846
12,355258947003493 26,036769705801547
2,056698542118579 22,664338371407112
9,31149383017044 24,66883215642936
14,77585755599758 21,522069692198595
3,887734937595335 23,696283186693496
16,24191672290819 20,450152667956225
2,988744858305619 25,128462225910813
5,045856716140838 25,32640622533003
9,900967773847013 27,11781363712123
10,27542554071574 26,512062416017322
8,550425841150949 24,453688879825076
9,46241455926127 27,523183577078267
4,195871482200967 25,36880930643019
16,639657696880555 20,82234036356917
2,159145758175702 23,559380004980767
9,755160557068812 27,425366096399003
12,426660603918753 24,933201644946994
13,074133614597715 18,356145253878417
16,1536524382613 21,88555623296293
13,239715650656972 18,93934760040056
14,604445310466152 19,89277192748521
9,20363933122285 26,470058801049383
12,817442552025183 20,049936950402913
9,533386874613898 26,90997329556628
14,786265738646316 19,079343090514847
2,512534180486255 23,487017831138147
10,19384536624242 25,933989880210046
4,835258671571787 23,807797179206396
4,106224572921131 22,213293254392465
4,382419518325174 24,146835185247227
14,21840083434577 21,566861916152785
4,04921449905382 23,01950529369493
9,093495744618988 26,448603749653483
10,633267569631398 24,705931659622536
13,540749599687983 19,08784877417878
9,082174603923 25,484386243934612
9,467056295496135 27,652013349777935
3,964378320365295 25,566146250627003
9,698757934854392 26,318726081636854
4,538746579708653 23,194960195044334
3,874353181727988 24,366763188223423
14,906411903719102 19,876684852478096
13,986977793810953 19,22943001750026
15,374519071625661 19,873928540599994
12,97419502968983 19,96697995850011
13,00754454525334 20,42424366255221
1,838578858520021 22,411833664273765
8,790138709390385 24,862250973439878
10,041484769229188 25,540161900597237
11,563766146112185 26,81852414326816
3,77683851935529 23,219532710641445
1,133492771051905 23,04010141517067
3,978292492414026 25,346477025673362
3,153129997498458 22,79771055970989
15,938604302793369 20,770069445348987
12,206830656325264 27,46404439957569
3,766917156065703 22,060388112855655
15,692647179965514 18,881903106187032
13,258610920087477 19,229619665264277
4,74721530245603 22,773808260207073
11,618465915610711 25,1294124788474
9,34418376201173 26,377427963829405
4,452870050766506 24,34272371884318
2,734700359047834 22,84559997761629
4,028588882759535 24,981968665430582
1,819436076016458 24,93193508629593
10,03155773025968 26,462004921752772
14,02495864113018 21,56969286301024
14,18916110231783 18,752416342628415
2,136095862936622 23,994964009716426
12,276115345347373 25,31077863789263
15,313201237930654 20,951380111694995
16,098991343764762 20,295625091134703
10,59846659769203 25,155752012336475
13,772843247105977 20,677820951081817
1,898694537968864 22,472245466957403
2,135503538966088 23,620376539373716
3,731152978219004 22,727655865235917
4,45348469448996 24,15834062862099
1,443033190537229 22,78743754559935
4,660793551285548 24,875430484053943
1,531337743831485 23,783942098501345
4,152540008661592 22,061007065856955
13,003851174763016 21,34086666193212
2,834460096486342 23,694094466662563
13,804107995929124 19,237479679864894
13,769250659893153 21,769078734524705
5,22661970584789 25,258407698154297
16,48190057697608 18,637117364933854
4,74491394588246 25,058715116913852
14,756909017904558 19,72914094394884
10,2961382797418 26,14469162701129
10,145915101932369 25,630103339174653
15,60449107698578 20,028203251895913
14,34300167198708 19,511682737663953
16,382331931070112 20,92885747006581
1,564056610858566 24,46560860479374
9,666275974978719 26,214638692389755
8,571333836429508 25,356538145812156
16,834535057774293 21,56452772029894
16,441537799787167 21,62675126433059
16,09586566264801 21,02114429034469
13,66331761322531 21,59295205914135
12,747796986099797 24,999142996690487
10,220354217387689 24,711467051660172
9,739193768118856 27,007127866211338
15,663036558638968 18,71290724661162
12,640564174237374 27,855735593937016
2,324719965164205 22,036183992905347
14,191561267779745 21,7147960818698
1,643143571314313 24,841301671883087
3,614287223131727 24,40272765960103
3,928396468985669 25,375094232136693
15,27109938879261 19,693141619704466
9,80933682205871 27,224700613690153
3,63241552904174 23,02554476810901
4,751332973912594 22,460550375848825
4,238310305987903 23,529971319903883
13,399443136947648 20,13173544268943
13,779093986187254 19,425801332484305
14,027837614248647 20,453869438281536
1,20965847653867 24,94074275923858
11,546752016740141 25,004025499314295
1,723931026090247 23,99988729964885
10,984303683586482 24,981472053205977
16,079990808234193 19,46486436747114
1,301162405430517 25,176250176570136
5,096284006591099 24,09503027811096
3,379474634687238 25,06919610448675
10,394368662519746 25,94978164281254
13,54487485306131 19,980237088181404
10,41905471606197 26,58786190858277
14,353840959272935 20,568800925304718
2,645608527097341 25,602622796853634
8,97239302728407 27,967637968982835
1,369675827724226 25,177891341347355
11,189702724804642 25,317740368617994
12,872995265498458 21,868670314837544
2,075048446923786 22,308209704816953
3,48710067074111 22,39417584335437
9,559660424168658 27,408020561263356
2,391272347877091 23,06182073318358
16,25200297524069 21,7483255407687
12,279950257046417 27,59097102257708
11,939183445735583 24,820701317420852
3,388123913835397 25,165891475822747
2,735723661694906 25,345782748837532
13,10062725770568 19,427115423152827
13,284239854838948 21,048060386132637
15,786597549600703 20,24725949658404
1,8282116009577 25,204172209785703
13,64868480005162 18,58411166484203
1,967173110371221 23,018375747198018
14,59752115038848 18,27986011369265
14,677793248416398 19,573420600431998
12,248695677162146 24,66659743740134
16,324867099865944 21,125740156526966
4,745900360127888 22,059655337567005
14,732692736308787 20,064177485412042
3,52710736679608 22,092180260834947
10,28648550656136 26,500281210870344
12,857802769799697 19,067464590166523
1,970475373344248 25,57545690274276
11,106398884554979 25,95612079463217
3,886347532081584 22,68278246026883
8,59980229540522 27,645061310383284
12,866387260791944 19,80234917609849
11,431379355388636 27,895999536196964
9,350108569186316 26,211922825662246
13,818874283913559 18,712901834617075
14,900953139144187 18,63232906244366
1,270674583110053 25,637135599314032
14,910504219787772 21,600229807495
3,114233491785907 22,285096174233313
2,668573322531308 24,074132346289545
9,050996752139095 27,983478920440703
4,435841567432435 22,143291146538
3,132273516468414 24,993735116610736
16,37322673648291 21,151413711395953
4,515410574924716 22,870469221927767
10,814081061669246 27,772744601830503
3,834234682882066 24,2622547664494
11,596607097811786 26,599793034810187
12,057598943691046 26,737031220548154
5,237734047012054 23,122808688878393
16,28596312636648 19,15097929741697
11,831504484356154 27,91796749494239
14,702245458628857 19,507408662634823
1,492846528507315 22,886768882768056
16,30587379282666 18,168867801433684
13,898743839798332 20,246627642846843
12,083189373901844 25,378702878930536
4,772143725130914 25,26025664235527
11,37127528556131 26,250528776801342
12,46425053017379 26,13627730432072
9,798636537305187 24,620059913959423
2,613543613720286 25,13032629023583
12,740449929460096 24,820775933790248
12,034584127207236 26,370878932852712
3,462517834735506 22,15440786228479
9,476916349253191 26,443567892218255
1,997837480616881 24,577725571452397
9,46578347301434 26,313031437562604
3,395007042418427 24,343858316286713
3,630658296796974 23,8636957417329
3,041297284845528 22,906436649897483
11,542062348888939 24,878691562184958
16,218975134875958 21,49119424615781
14,76334663875401 21,162401661908085
1,136318904271896 23,394753229015645
15,501383734668012 20,97021025586682
11,993796470155884 26,357721635528467
1,126105258558639 23,55810618969631
16,333060504489175 19,66527315807602
1,437436639362973 22,220474951260893
1,969420607402673 25,238154674377434
14,223986482979807 18,69789920998017
11,913939532443514 26,05764655526346
13,326148639628704 18,6715809343152
13,304121378060387 20,07844204548376
17,011854861110177 20,571287674543374
13,935163264336738 20,754667404817923
11,644977349615743 24,298626959892268
16,90974626839455 20,935873618753064
13,83168333283993 20,879541198729807
11,20564131046412 27,676874432870257
13,26954122898917 18,589368975301987
12,81182614220004 21,09097004228669
3,810190716162875 24,167508259189322
11,805327491419662 24,765264298548026
15,75927591890368 20,429519433524806
11,22660417690585 26,970764903912656
3,871916808858064 23,646353042072477
13,778094577847924 20,021476939295795
3,428387256322511 23,42251378858711
16,493949080812694 18,403436758882247
12,05929952312383 27,960852839254816
14,317085655312288 19,976207517588595
14,361243935381124 18,8552605373438
15,536774966624172 21,8976748013713
16,928049519589365 21,50572844916176
15,711847711333572 20,855314470124164
1,114286030062029 25,01721401101212
12,274350445732415 25,689763104668597
2,633759423330563 23,851077430707505
10,185049636149252 26,857120528954223
2,232778469032966 23,150791245997095
13,808489512232962 21,28601002595355
15,829342735372858 18,63829850938092
16,59813778950037 19,005264719209
16,197902257335 19,157470227506067
16,96940607853606 20,703501629276925
10,20418577261538 24,91221610941298
10,30987241022252 24,342427589804515
9,100114660068135 27,976028521630724
13,709548030122646 21,594940907607242
11,57253280987862 24,36772339232167
1,218453000942382 23,471452583815285
3,0526297744485 23,549680375051924
8,938675681967906 27,15624862874746
1,423053621723927 23,634793821904314
13,501799689764326 18,592269834840096
10,882944060001584 26,889367309678068
16,04831332796656 20,141581245275287
14,766883449992154 20,547814330674953
4,077751706054866 23,783949064540483
4,153510419465961 23,10806321491708
4,245494012159143 23,098824600847532
15,06314604302663 18,172001371324026
15,16535446738152 20,373872748630756
4,648579657907604 23,8276388790268
12,808227986383521 20,158558349777127
5,222112997077431 23,487608823640606
11,817832483323055 27,133085883119943
12,317478113874543 25,37288023867879
4,226394529464895 25,205881603979616
11,127772299685297 27,89696118627925
9,23473183730485 25,154137936999565
5,27713735265482 23,479245379222274
14,44482193190271 18,523973923434617
2,736346056487724 25,024099264811454
11,174454529144006 27,473791180734715
14,088795407810107 18,611111482027905
12,170653437302487 27,991498782163305
15,429840717235573 20,057574445267342
13,970108440810996 18,15295941550419
12,76957508742458 26,62539958829368
8,576692680806136 26,740139301265184
9,070051055781192 26,10834318773312
4,540259386113846 24,33184302545022
2,135931251845751 22,733640369443727
11,98823171345217 24,713894227498997
14,642199822328262 18,658460443757487
16,487167492691754 21,640319573724305
9,370823907484628 25,722059168102415
9,441442101607752 26,93960863572751
14,387714101444953 20,558199668382283
4,007686906988395 23,507803370686094
4,308160649124393 23,023704927995844
15,127211685602822 20,934125787687456
11,326923471383237 26,198159461542826
13,091602973547637 20,13942066031987
2,35414547383388 25,430145432162604
12,579725778932543 25,12296060579259
3,01982548576272 24,38920545421483
1,710651540736837 23,59525395222019
1,428067893973063 24,831046089627584
4,361262320194743 24,85566290086216
13,17612197840647 18,244914237921193
12,686096682050257 25,862416311655487
13,987219243364278 21,172626686457786
10,55363312721017 27,64290159496196
10,884850510353163 26,122328472259184
1,328596566526347 23,780772615246786
16,100422216187386 18,300607879187865
16,511010939167967 18,84973925560191
11,774736151356745 24,775457249076567
16,858068998362217 18,54751388700269
5,02181057552079 25,289727358579515
9,037674415515465 24,81502363499544
15,378085000435552 20,552771365404116
12,718180581084127 26,42206001897797
12,736139795344886 24,7047792881006
4,033185810392809 23,301928400624128
3,646902449795208 24,143634080564677
14,495525388047483 19,419744102344126
10,77923849201834 25,90927239767341
13,639078319559362 19,75702497845636
10,708677206573933 26,002539080929544
11,799773499887436 24,906213574193337
2,0521880028357 25,604725321860116
16,30673103374742 19,947755971599832
10,911558539575173 26,229679892921503
2,652322898871042 24,345604444891578
1,805868692216424 22,369421534041017
3,660565208301632 24,187151518482555
11,311685511346253 24,763259989645206
14,761281612224076 18,644105892791153
11,43887297579971 24,556719105219305
9,566348103046987 24,900025044473974
13,907997236247766 20,047850634545146
13,123381880712978 18,804816857697197
16,307880518934557 21,24705669765107
12,481994927984088 27,07815750534386
3,299976216026065 22,225132236620148
1,87412547778728 24,673745105251474
4,505233724121077 24,843144366222905
13,310106019068582 20,712008677555183
13,486485689984645 21,320111089274523
10,571109710039426 26,247394468845552
16,160138591617642 19,983836229612614
3,539349254690274 22,92851753805562
8,544521732503952 25,3522615212067
14,093363035994512 21,82923503127944
8,56750329262217 27,764950746698496
1,080728451286399 22,215814788766487
11,469508317506172 26,514120968363223
13,740007118422557 20,390191107252836
1,362343538191934 24,22188549448644
2,664951542717843 25,362081421157523
4,979867020153279 22,935749490247794
10,592740103492922 26,33333865040521
9,676947442056973 25,297091668215938
5,136615976279439 25,24344145481693
10,683827425133185 25,63762973404585
12,341847863248038 25,8494305100475
3,292731933808718 24,308778885274116
9,352469587862418 27,11836096090971
14,158962299688826 20,79615970682068
4,184202380964323 24,183304659498383
13,055278520149306 21,081284331075114
4,151449257134498 23,68958723983976
10,663555252712502 25,843257813087828
13,398428154919834 21,261070022064636
4,953114400312105 24,76992890725885
14,160148265352904 20,433093055387157
2,44924206828997 22,652850395727462
5,204421968937443 25,136114670424703
14,833154777744047 18,806245958496326
14,240002251373294 21,14215336664904
1,887228281036998 21,969837836764594
8,939536322166488 24,730749696428017
12,32223698741521 27,618763940361244
11,906149440735055 27,31792387876832
8,832886591413388 26,599571050654095
1,213701396779791 24,216832043012428
8,797900011199072 26,372164362124884
3,118739514271106 23,97371631430029
16,399628167090427 19,132552263767383
4,947115387705544 25,317258449932954
16,237792340769783 18,881880739749114
13,338655417816193 21,127550283656714
12,554241426159855 24,756812785866984
12,133956077441178 25,968350651262448
2,331046540509682 24,426822779998744
9,476973379584802 26,526798165571897
10,558410104479224 26,977499325317456
5,15483391227166 24,89467936797678
5,096234852306498 24,87177786447798
11,750253854087447 27,352311438980006
12,281461124019023 27,06780528893751
1,478248209148243 22,3335961482382
4,044453204138871 24,34085928614183
11,741894112212352 27,367191515770543
14,529841181954568 19,92083021555551
16,22508688280751 19,777158016529537
3,47366986811625 25,251300304068128
14,741735085823256 21,6249489685692
3,405093560230014 24,717253651430777
15,462554384765147 20,035712636970686
3,266109150722793 24,08864695937311
3,378459611986095 22,549078568297002
16,881770489880825 21,804016147321022
3,58569394636482 22,953136839531275
10,90374498142916 24,708379899509627
14,68140225950524 19,590166901665363
16,129428800429764 20,056881491733627
4,143966438643482 22,757536192787477
15,872178439974235 19,965862948091857
8,770829369439026 24,346869308322265
11,736097643161756 26,4871466897596
4,513022382481554 23,58083811881471
3,962122340633669 24,894425380810333
3,052351335855038 24,582815465572793
11,756963392815996 26,98588947646814
2,118567389239444 22,864219266555043
13,156307821321137 19,644311703894015
12,968254967383896 20,281946556302806
15,543895319550483 19,072087738062713
15,60160155770253 18,220371001128555
13,821694156925256 21,151621431679104
5,122866440520711 22,838241911359766
11,164381874280261 25,928802016039075
14,077461816623943 18,40603442489496
9,055205059354249 26,04293615719896
13,20599108715422 21,695296808395618
9,626604447967852 25,156444456364706
16,325678808878514 18,815236832881315
2,179183984374497 24,64915483011438
1,061885800058688 23,650533057897338
1,926499462494599 25,324828408192577
13,76558597930996 21,434560980450552
4,843438904506135 24,570681720787615
12,603587451394098 24,46864171265476
10,673898711046997 24,62492240510025
9,559058498982825 24,7102051844607
16,8405492928589 19,256429987086083
1,253295319477078 22,260104483604767
3,613677557704703 23,335915899582385
4,875287403161935 24,514862590227207
13,676431380942757 19,223225862682174
2,422169836356639 23,91693501195673
15,665317602472074 18,595615503399785
13,702572160764054 19,490924338919115
13,742519501918345 20,969454261859717
13,541567605156018 20,47532168980525
12,909110420524065 21,860549069602463
13,435863669636563 19,37389210437127
15,241201156414254 21,789345161619185
4,383860050631298 22,771077739266826
12,427478226548809 26,71379118158086
8,675244976628807 26,900906478666805
1,653266827905605 22,392816297570622
1,67758064424983 23,235229557644715
2,041689335871718 22,116157619152613
11,93052562184511 27,385149713090232
14,774873473366318 21,691436654227584
9,39881947154984 24,83949878042389
1,607637012732 23,48108094681455
13,51586900469566 20,013763055827607
2,914271699225964 22,698158635915156
16,424589266855993 21,835546323795764
16,696109480978283 21,657741369002775
10,525198051389754 24,3630789901047
16,323134857848046 21,73799341961722
2,730650013600782 24,44311151431083
11,933506905335822 25,009148821885187
9,74461531044668 26,147420189061314
10,105277045068158 27,368124653817677
10,441594292232653 26,984445094672957
3,447603106308165 24,905818425604732
2,477695781989792 22,990859077340765
15,402321187174916 18,79134467421586
14,09071025623848 19,28556348545111
9,89965266299451 27,746273693751746
9,424633867747584 24,355403522607915
9,728614410580224 27,619852203968257
8,553210055863817 26,466970211443982
4,319808748317898 23,32556329606731
11,627413350667831 27,66200591746356
11,441606466810152 24,719071481139025
1,552602151551086 25,106598807562268
8,982950005461904 27,335880134962533
10,195935617723062 24,729250366392005
4,408617734088971 24,98901968881001
9,02082353888053 25,417293167338944
15,867903848079122 20,976278628116493
9,839431572273616 26,0238530887339
9,708103158148946 25,632796061973963
14,140825686825616 19,593226340530943
9,651439700827021 26,188173835142337
12,913787890567296 20,44346126677304
13,411742375848696 20,647312088827682
12,602227790203688 24,390760777302315
12,758526564810849 24,29696041749009
3,342959966044884 22,676361745210457
3,828470306702599 24,521101452210967
10,460734982591049 25,86139875632852
14,170074621447668 21,352689408275353
9,72887811262017 25,072321611157758
9,763291238368357 24,838905522730162
9,526212583558696 24,44596441484458
1,808927351118439 24,40397766501634
16,253837908516733 20,618565931444405
4,064775837780399 24,470804328130406
11,281301427552107 26,25759076323092
15,239696368807847 19,15355501426869
10,744183336343566 25,37144035276554
1,627978411703816 23,91495575721888
1,338468501655239 23,460121379156803
4,950953715999248 23,445225700211708
14,0427812005866 18,347700224597993
8,648434526071883 27,676578298041402
9,53675474454932 24,708265815068344
2,695224981895126 22,77571964391312
3,258155142914363 24,450766721858717
15,506070369239419 19,964403005490503
15,962237174748852 20,715180339457216
10,956667230495071 26,934399448911392
12,068006677500007 26,730423389643192
3,693674899874652 23,967483983448115
9,440600955122274 24,521837455841602
2,045900117367161 23,153984845636817
10,777677615801547 27,94388357233619
16,791899853849433 19,101374688447738
2,21673492499247 24,989320515625888
3,904435591327272 24,645223203393414
14,7711657642509 20,295407342479866
11,897295893546657 24,66830428713566
10,492096857079948 27,12471430190951
1,516357921968332 25,25909317715835
14,223201176054 18,850084709096553
8,999063817466507 27,27144488846082
10,126920780477267 27,239930277394357
10,497845114941533 25,872454219928766
11,399445217328527 25,91541858604414
11,167664551851633 26,1850032674788
16,330498187663466 18,75875654810564
15,331679269420148 20,972605765288723
13,254876298839179 18,247984815412487
12,407317848986365 26,48902936165349
16,79837150052506 20,05148710377789
10,626368044441952 26,23289721849492
14,847761418739793 21,898029269497524
14,478342226298336 18,161478003265547
13,070435882899064 18,522913221413226
12,719038473489803 26,035669099710127
12,619250464558077 26,04856625050381
13,023537384061296 20,83439050753995
12,326479555219512 24,459286244539868
1,594029622947645 25,240779244230627
1,523453419677634 25,227638916620045
3,879407342399939 22,146072832941968
10,261540529466943 27,591361116704935
4,815930983720618 22,312964771197166
3,986961526817564 23,18916216776736
4,889410107091127 22,26271519113264
5,304733217444161 22,689177373785927
14,679710088575545 19,819276631651416
8,862483493969954 26,6141558472408
14,005957440046735 21,11355792103046
4,401786818804611 22,262881297513243
11,929657971572952 27,669117522892776
2,734257564763389 24,94657145805165
10,078493435101437 25,88098530975967
16,69805821589407 19,509097611015633
16,895614885774027 18,450676276701895
4,617720034884471 25,566503951323707
12,04309415946601 26,656620695581765
9,975503391865812 27,52253856975401
15,20129931280205 20,646908864980944
15,298870483047626 19,317763562039243
13,059511832909132 20,881549994082867
1,784014718162341 24,567007660199334
3,425095908918696 23,91094954958879
13,12991412081809 18,948470471631936
16,8266679228208 20,335637339616067
4,724852808932012 24,369200738916632
5,110794261187561 23,34106363310296
2,437882080228169 22,176175869011672
1,622332075606499 22,56229522191274
1,101067630148073 23,833278214945704
13,215250639307285 18,488515060439575
10,554520728307837 24,826370595326
14,762075704642578 20,64755052882501
1,416029412724922 22,288556777972698
1,565041460445236 23,618540834476768
4,518027201802848 22,541635787074103
2,322331242181344 22,43483789637336
2,921583748165011 24,566300474658924
11,587751205145846 24,388504091350455
14,570534404155175 20,93626551052431
1,271700536999528 24,481048618204724
16,623888867890855 19,925140671693175
2,289182740356284 22,369985465236986
13,969619644751734 20,826153363071803
1,412104457809744 22,42199672864228
2,897584866192122 25,522030730599575
10,907090357256305 26,731709346672368
9,523760844676154 25,10478377637356
15,442661849971204 21,900910904365443
11,034609168118774 27,614429382343236
11,182958044761804 25,918083708669187
11,412156841962483 24,403582129642004
15,934202855270408 19,814728593078723
3,438005161712251 22,144311673749815
10,395224295327099 27,540175484490707
9,681455493688242 24,268753362029535
11,587175460157326 27,607942924068347
1,104299958035484 24,25676276970116
11,9918188139033 26,043236462816903
14,303258759406614 20,28431577187019
9,68144932777504 25,69620801567041
14,068899877511011 21,895127061377433
14,024407756592637 20,054427040243095
11,529224053832703 26,316862215387452
9,940780342711683 25,775199719846054
16,00849250054995 20,504736539235907
5,122480991238471 24,48968811972365
12,048733601443171 25,03120445963989
1,470711037337103 22,93959795832983
13,31818934996173 19,40316093460741
10,623954467486746 24,732481155526578
11,326628234700223 27,835135452986407
11,939179504679803 26,307471392680426
14,821503171789091 21,673685459895058
11,623226673110056 24,854280063306568
11,150082226036828 26,28687674449393
2,106922798377109 22,88513743347649
9,116357259884573 26,3477494677383
12,362771581051215 25,284755458028947
13,464298604202945 18,572577481911082
14,152327715143649 20,11344895437123
4,666245705679447 25,11357857558885
2,465990543041367 25,040318852040276
16,480320114195536 20,72262346198362
11,63093813267542 24,719352189839878
10,127704476587416 25,484042926198374
10,407393816716985 24,5320152574855
11,44015759609239 26,385842182379797
9,114961843791226 26,42937304504122
11,234469430623857 27,882362737389702
16,78752409085587 21,412663979678616
1,303682698191682 22,941135591601537
14,611801536981131 19,68311865295033
4,098791721656112 24,910257096984424
2,250957897372591 24,437941711308984
5,284979423116936 23,812786926997457
4,211845766853973 22,620757723929792
14,966776548130547 21,431506523930636
2,824504806824805 22,400423421814537
4,398850806551249 22,620612033466927
5,10999620321171 23,390096946505228
12,571633889995434 25,629246262769087
15,574608293781903 20,869446136326427
13,058097237240808 21,035460201766952
1,946069059614084 24,9862301141285
12,7360075649866 27,248288631366123
1,939097978364593 22,909462278819937
16,67920200206356 19,99855364401058
11,295811058235262 27,258446001223902
14,559621143779474 18,80668498236702
13,886898275775986 19,86236309438316
4,471185912088786 25,678776774128654
4,953866807598727 24,70779095488142
16,403331599903726 20,482056912990434
10,718301989632426 24,72467756118607
16,60066964231311 21,435993072309607
15,412486955174732 18,90846914016382
11,050994431712867 27,64315670564983
8,994444008730595 25,73074944545176
14,886722376200154 19,944490501479454
3,03841684850258 25,688717146003086
3,918099838051827 22,569574749425346
1,510962227287367 22,506896286463387
2,953775448597438 25,002247108328454
13,31123697056714 18,717616758623148
2,399966896684102 25,666802339696407
11,473703288366089 25,94844871995978
1,194774958732767 23,265548451185786
10,861881346073535 25,435958648269434
5,157460028008541 24,497532201199263
3,631531317377673 22,76912346479335
10,9157529779075 26,993502820059458
10,123309397320336 26,38517687627933
16,202835678158166 20,130659765290474
9,444217116195961 24,77540229731232
2,077990351756389 23,523162323227776
3,24582289406041 25,67267305005888
14,42719491537954 18,618970373872028
11,44189753233811 25,674653260499475
4,671029920931692 23,986806923501153
16,429475130428084 20,69747981436045
12,769939280384511 24,614746373732057
10,13229937927696 27,90828203307796
1,729498599462262 25,047526688003696
1,939112837227031 25,425125727001625
13,2406902918976 20,575257668322347
13,778099048231798 20,371220794836034
2,513708699890787 22,769964485116645
15,912326029438521 20,865078577993152
10,429948717580997 27,37079994638551
13,82722666935113 18,952534888826435
14,979243629979612 21,477586674223467
15,449064738244461 19,34968629158428
11,176613704938266 24,674236080818876
8,972781941003792 26,144534967510634
4,370505980157896 23,445602611817726
4,194302940755896 25,545218567024218
9,766265537403543 26,514096789295056
12,490753854065188 26,215821920411866
10,094058521708595 26,275883896105096
11,266609618690397 26,0340276187521
15,889987162660049 18,36570601273787
16,430413819409917 20,948402887979395
9,413426648390654 26,318003386574045
8,781163515037923 26,866241959874927
14,897522148336572 18,870560725788827
14,537911510953496 20,447069200394914
11,7820033640652 25,621211182034198
2,133044363158328 23,60540401845283
11,299638833568702 24,448658040228064
9,707001237129013 27,98896665024444
13,616772915436576 19,646602482727133
13,751397797055317 21,48611283850829
3,222020994416894 22,231791392285906
14,747827102980487 19,714977114536666
8,590650262266623 24,645030422517763
13,46554298895693 19,868502044627427
4,087858414135365 25,70347732130923
4,444285052901408 21,997415519717933
9,027504687242264 26,97621348872657
4,971819317815966 23,370883806147557
12,509549420227541 25,345198859530242
2,952561839400543 22,564296453811355
16,394348371938236 21,61547727756975
14,076165477329438 19,38017422951215
13,491971094529966 19,31495545861005
4,018614118812215 24,00066900219712
12,092978036116682 26,92954046178833
15,651879600822625 19,53903006701552
11,316169527875973 27,05990471064029
5,068070196103148 23,610615190508085
15,228459524895056 18,928282676083914
4,824858622672956 25,19463877077767
11,821165699496627 26,471599800765222
1,743940442384364 22,41684583572955
3,825540310805512 22,41514434803191
10,528816213321189 26,76564638019189
15,582899382094787 18,58800505432232
16,228739037293025 20,37462320445831
3,138794582013513 23,632506225983363
15,755027634920713 21,263761363278707
12,414685312478229 25,736302258144082
16,404140809830444 18,587231344145724
1,762495797564106 22,97720371372803
9,78313948802579 25,197983369256818
13,558549304005568 18,48212948912455
9,680946600615782 27,039449035727486
9,870912247047553 27,21712504286607
3,074049252464509 23,30522853517443
11,176742269695414 25,143576537783655
10,871014282428147 24,58554895231683
2,56207308611811 22,935922020293425
1,34131398935888 23,48306957067022
15,294764016397988 20,452786598361516
16,03799681615675 20,367895351609192
4,739293485856132 23,981865767842784
14,081158398833912 19,833758447681802
2,111208108031483 24,69246553726666
11,024493546586733 25,430981416235028
14,870959718628393 19,146099513700182
12,091865639471012 24,590302993248198
1,445943193867424 21,996458895673236
9,408765841534674 27,918418473227934
8,745031436269509 26,771271582500002
5,146716121004432 24,82101563061636
16,60513831321744 20,864830283495778
2,53495093987156 22,241912095081034
8,811849576212984 25,568940841356977
15,764119516971995 20,073493062160175
2,78390136501633 22,498104752736747
16,863588985829377 18,505399331837456
3,780202898264739 24,658778197938755
11,266066140370256 25,523665714363283
10,583643544043065 24,785467629972874
9,01191427208714 25,691404584265257
14,830223723601826 19,441361929670556
14,81020266136681 20,82503835697034
15,358200901648948 19,415196499736254
5,118732329688896 22,209244718369778
12,045784890654147 27,450514321934904
10,70460801941598 26,582693056685528
16,83603045545185 21,52275203165492
9,813279942416514 27,310055407928996
4,490076890054198 22,511189410928985
16,88977667768796 21,26543787972427
16,26262448473424 20,05555870510143
13,539718683005573 21,768354664314224
16,510796018346976 21,657342536954207
4,329288122709199 22,84338597898958
16,38336599325249 19,309486133651856
2,347945637606587 22,458803035541973
8,905122553646581 26,72339939098875
3,99494400232589 25,05483948738043
11,714582225975416 27,00572455157445
13,753040284247302 21,20751694401937
1,102087526912327 25,011640947086487
13,822277440720816 20,091718504691737
16,493337799345877 20,422283346468667
11,210443535660332 27,57189148003837
1,177995395006705 22,186560930636748
1,301925031423042 23,69904226526333
14,336783817855926 18,80977971738478
4,308335899108672 23,80733640701527
17,00417933265831 19,893691119906553
10,180956581944036 26,492623325069697
10,755555869688761 25,229518679749198
15,161886268261561 21,558953510628193
4,420217702707913 23,229552311929623
11,098342112393409 26,47533734065272
13,506244763137595 21,261371903913602
3,072276008944504 25,294025946564354
9,650093326749351 25,60291133861741
15,4336472753005 19,519744911423857
15,977433341406542 21,107741947326083
9,015886461426215 24,83111898255544
14,206755808450383 21,16156981278494
16,85723654595311 18,19294334538881
12,692257104440884 27,12357089249363
10,27684569457041 24,30194148725884
16,31147832941311 19,91253455649857
13,05424324316643 18,434625556524914
12,719746143807608 26,008713870005696
3,038983207706773 25,553423669225495
8,897733880202175 26,013007447343504
15,853612291901275 18,93263680268469
13,396263117515447 18,986663917846265
1,629298030457827 23,328040092400798
13,866612717947334 21,45232803777951
11,494887586585717 26,044165384610828
8,964876485195086 25,781320488111245
14,909645119823312 21,14193387783598
14,118799013893623 21,144729895289068
16,477953982607676 18,343645562596357
15,561599160517998 21,34244851956357
12,566291617194809 25,91304226654259
10,814951937228619 25,913857805770405
16,523550705343478 18,246277125856505
1,872968151264163 24,88119454122194
10,706972573207299 26,8068065794897
3,956609592061758 25,009359564712803
2,283058911630707 25,458688315972225
12,09967822778034 25,77201300822749
16,323422211075183 21,849259090736965
14,544102193874977 21,201889199829107
13,923037044868215 20,449030670222335
16,604131187642253 18,25954101714663
4,718646321082302 25,114355344683094
2,921740676047494 23,019424614076303
13,832424704724867 19,069853127031305
9,186631162134447 27,900229819905093
14,762453221311 21,11363236635989
5,216714009428734 23,92639895643454
12,052200096610626 26,16235416490317
3,004245099239884 24,49798939291793
16,66891840628667 19,03431882305896
2,727127429919191 24,027031672175184
10,36941185515079 24,849844599174467
12,556923481940759 26,119995434806672
15,7355336981573 21,886554803612704
9,07107047036993 26,32366317374989
9,462716461128698 27,62060994885739
4,51609942423483 22,324279158219234
3,931622775641669 24,45987063693653
12,74035219080533 27,975451827208957
14,623699105583439 21,280562249971283
8,90512981875732 27,508948572323312
11,820242130543118 26,779705808170778
1,206947726050587 25,25498910379472
16,283376481988586 20,61346172468867
2,522394475232108 23,267597997722653
11,709609965715591 24,44207201480631
4,616819598412996 25,326015291747446
2,363797342758805 22,541421226750835
11,351875521081997 27,474865559730627
14,977643571605286 19,0136073547209
9,380456620981064 26,748160907498246
4,09074853731244 22,567078945655698
13,509781723572493 18,433722586146626
16,59577909581913 20,467643015551396
10,393725248200528 25,1687151859109
11,940591373213739 25,22148158096836
4,957474348611448 22,691669029379383
11,31154871663622 26,907237082114435
8,903337791347633 26,213276230843483
16,481734524750298 21,225066383916225
9,43151942435679 24,3624739553748
13,441086800311298 20,64592728176077
13,883914751716114 21,49912401068265
1,620416868710282 22,51004547900521
4,0793136330628 25,267909809330806
11,041691263892645 25,582014521312743
2,237197655235349 22,870470542314184
14,43514776760444 20,084935795127986
14,47029778127741 18,725513941324238
15,497754883793988 19,42919295128242
1,888413654066603 23,42491644149737
1,592888048489835 24,15639409126748
1,722640709057041 23,783920055085453
3,123773882283976 24,448115115430856
8,817006481782371 24,952431659903333
1,600079820316203 24,471235882751213
4,188694535041055 23,188272413623267
10,997503227125735 27,133668826040672
11,609821096939474 27,013400104301716
13,461606099285587 18,420769494370113
14,087086238259397 19,833157363606766
13,294565742207547 19,1824975415202
15,691378788736499 20,621293530138054
2,713938723883222 24,055453193604748
4,177500584944254 22,51980737037858
3,517228239190401 24,450024999660616
1,096061324562079 25,580158493503475
14,93119584041598 21,58269247032755
4,367373243029109 25,230363476663204
4,876046291156245 25,417405375536934
2,408804496607636 23,40972443289868
1,814199507576085 25,388533568665526
10,39807939337448 25,716119868887027
1,388589306938316 22,752574196435702
9,812056446709589 25,394732833392165
9,10260065923324 24,983402627901572
11,798361263819327 25,204983489806335
4,032736117494284 23,808868321056053
15,79343450982807 19,439666816940154
10,49918939579652 26,81087008311448
4,904374644780054 24,16619225166963
2,213745593622963 23,264814119894705
3,01001419027258 24,03062516262499
11,551868783817746 24,906470584324772
13,672618476049474 21,120090422169472
2,723225403617174 22,4903965932093
4,165901813380904 23,472674305021
3,412125390737004 25,42361366983098
16,75101004194729 19,28409179056297
9,251773487866856 25,232946761595215
14,669865190674509 21,542231023759847
15,772867621451423 19,32668461948746
15,840020288807073 21,48500108107947
4,46099767452607 25,379956205639765
10,24236622637739 28,003544944142572
10,986978235817267 27,273526192449285
2,541502848324179 25,517832280305466
10,927759275424245 27,41190591535803
9,768230044771984 26,975909307537744
9,767359523598566 25,758239495924837
1,794019180734799 25,65702560887263
5,006223381361696 23,19346712152568
8,702785687994487 27,186542882885774
9,35776782666032 24,819145306214384
12,151536354012936 26,94259581674388
15,027197827540485 21,41615776953463
14,853874976025406 18,698671415132885
12,27247161514405 24,896119026506685
16,00679719515878 20,78522673440823
12,336813691149096 26,76819843379779
15,861156886376895 19,055515312516036
3,801843968215072 24,350656168278185
8,939582289617167 25,39046384190953
3,96398876034636 22,023885700060266
1,824087880036145 24,214586574511166
11,408276911722037 27,353200760337103
13,46559227051774 20,133497852481597
2,610532726458123 22,31952839123825
12,51939275941213 25,708375965831042
12,342760173012868 25,82504812990842
16,725056241060294 18,883808470799245
10,206813777609014 25,051826993492014
13,651203455577601 20,117131593826926
16,750881170396447 21,761327601452038
13,793340451141178 20,802127170983983
12,026702293243195 27,711569022298793
