X Y
12,792803522890729 5,905536140210341
11,776313389529689 6,494056406395416
11,857815519737077 6,414293085442573
10,884691938927183 10,424846916247636
11,741756120391003 6,463385921166072
11,848315992903304 9,708728223286304
12,325524357341726 6,232823223319019
11,621301854652277 6,579251856748869
12,666446943251698 6,934182042596137
12,15980919880892 10,595114157490253
11,655708718549372 6,225383660324913
12,229699908284639 10,732417033669346
11,641203356067743 5,933138807630025
11,738458598348345 7,055730692660504
11,770956180483354 6,044663325762866
12,326750505696737 6,411055056130772
13,023494318369817 6,306004288089558
11,906883613679941 5,898479476136079
12,73926259917088 5,934076340074855
11,312198878621624 9,711244659848559
11,902008134388895 9,502275248093493
11,088050160354657 10,405276752888645
12,16901310525886 10,297719124582281
12,319626344580414 9,49869692033638
12,117972477909538 6,429787895798641
11,703970017049276 9,739679411741138
12,149241422848144 10,533844154661928
12,376868368499645 9,923761886068899
12,637533343180603 6,604925484506892
11,446901212108743 10,039901495141562
12,70778546531357 6,33083842359371
13,088253041138264 6,41303920930708
12,611214193929765 6,413700609452896
12,170235143805897 10,779734341129267
13,101914286239944 6,801100319233505
10,9962142398583 9,60360481842052
11,768357563587603 6,727402752893649
12,13954907406783 9,613308688465967
11,841212150450179 9,697307677665494
10,998411795091911 10,596226834533452
12,177481132272614 10,32443847123009
12,009899190959343 6,062019969534881
13,193460363601105 6,255207666181228
12,086327877722098 5,814966794151962
11,815311337227852 10,381487910786856
11,823298825244468 6,934774015484865
11,944767367060571 9,619068104775353
12,190202783011612 7,106111399867322
11,942382895546633 10,8191621005983
11,613735369344884 6,644195716757906
10,811325652037391 10,391371391991528
11,655945474554963 9,962833355471126
11,465426255661665 10,819831407801813
11,455710275837504 10,44468671941398
12,809995691593048 6,154987909849326
12,796487191238935 5,96595548022963
10,996225476432183 9,672969974084548
12,551810130196683 6,280403785940112
11,939369796766165 10,460580866642818
12,468445834861638 6,842936523806233
12,051781015674933 5,876130041575147
12,217056897909742 10,657714860930321
11,793229043800293 9,610691177535571
11,875573704896462 6,97993608064448
11,477167072225203 9,922911771133613
12,229134516806695 10,286360597744139
11,567320473024372 9,619126802829596
11,23024577990983 10,449656826724247
10,98391016406874 10,309781192525218
12,151938184124639 10,526538386933083
12,5241171082233 6,864342327607179
10,983933873015935 9,502172226422632
11,154341334119158 10,852235107525615
12,881297665283263 7,013945874183818
13,008408258121934 6,378860428951559
10,705414741072676 9,925058373249868
11,931871857588215 10,4617759462119
12,781402564004683 5,755974543400935
12,399144822057597 5,915207652684763
10,881752353484947 10,254684416218293
11,744628451155096 6,414791009495162
12,229679688172428 6,797841938957539
11,591735682981051 6,007411340349155
10,91602473215755 10,039226623423996
12,022478859705512 6,924694588540263
12,324060700077073 9,856916450731331
10,70373873841511 10,501617923012429
11,790929384709331 5,739133976632012
12,677664697799637 6,680314901395678
11,046796747597199 9,580386423705345
12,34714887912678 6,455416767430305
11,73057851037509 9,800955808511109
11,929400288309257 10,11613323154724
12,027242067389452 6,229566881655162
12,072667469870797 9,70802042627575
11,799977001333565 6,932961385405036
10,718107566434155 10,404978948227795
11,677038067055838 7,008879529945115
12,837917636714401 7,126915682161686
13,199986481579723 6,299477921301459
13,17960351959073 5,716650060756252
12,466667574537128 6,379590680393687
12,128265614938062 10,803859055605948
11,669930960998412 10,400837501470638
10,911236525745997 10,384205047282993
13,148990884781687 6,009133184823861
10,798044589665306 10,44910762319361
13,177177690374416 5,784590687473449
10,744379707629152 10,14074058160285
12,663407729672551 6,986327214502646
12,807258553621711 5,837267328418398
11,824000080458648 7,0140643052041
12,166604608363832 5,965666248889342
12,287649587637018 5,867479875789525
12,39621559886623 7,025035044658261
12,288765415478348 7,16518276513506
12,241748718060697 10,222687136697022
13,15155465600129 7,143118520877148
12,657771516156561 6,311813103972573
11,9986583850342 9,69886471736913
12,387896419421654 6,433862718802761
13,206571448272173 6,99650241897735
12,664209167281106 5,958331464363241
11,707668137392535 9,88849513148517
11,772899297620402 5,840149179876102
12,823001627927374 5,774792400179195
13,056845902379147 5,999773663459087
11,691495462089044 5,906264983279347
10,89914398340636 10,333360394943469
11,620755507912092 10,474903476214546
12,216988987308094 6,524819198778622
11,825611262140873 10,871937413865725
12,887492425412058 6,682556619726838
12,039127237920342 9,954341637320168
12,741172687746081 5,749137604641853
11,319196545222589 10,069814365703763
11,553906279913207 6,710956313096941
11,869262299830664 9,535974584450319
11,59489125674972 6,661748704497497
11,57349390474296 10,66889825911873
12,749094964208124 6,134338761251259
11,520353223328561 6,776867423240218
11,200924706301578 9,497259132026908
12,088410040238644 6,093286936265507
11,721681613307952 6,412584901525382
12,19207179387512 10,278308500752988
12,164701508564693 9,711052891944437
11,937164767709369 10,049020419123394
12,73649556367627 6,406927631887869
11,694455710396532 5,739837928192025
12,317165423730161 10,35716653938194
12,990138853118848 5,891687634533808
11,391555602612922 10,131991018575711
12,079345727669136 6,572072702105458
12,981455204284964 6,65320322534474
12,787018006402375 6,56448954994002
11,858294139023242 6,007121957038673
11,722697957648691 6,11801432859494
11,847569308238295 5,960822703123234
13,210034169402565 5,837697503784543
13,031951141259373 6,274598507865682
11,879410838529365 6,025311276346852
11,645153117772965 10,33255255252465
11,608983574017968 10,717920920767916
11,59478539874115 5,867061748525822
12,085425129723951 5,83090970307303
13,04494882636604 6,459685043458575
12,507511238627057 6,774798902100108
12,35849907341332 5,976595020909104
11,253028702672578 10,094830098031197
11,613287046008786 9,486558626168174
11,893719857090739 10,193329328973622
11,553720205703762 9,952247630179059
12,288315855833357 5,85447659966059
12,86845980572221 5,802180589347024
12,285597964962246 5,999517400866414
10,837941215277967 10,041865613774956
11,888156551120215 10,302992119776897
12,235949744302998 9,658050835746225
11,565368681438992 10,178541883345456
11,374592534446498 10,91292640927235
11,94122640749381 10,172175279067117
11,75796117529234 9,50231805809588
12,023631648740745 10,355491555717357
11,986253472686997 5,857162468411921
12,020869052435573 7,172871677305822
12,151142558745988 6,158961909588245
11,253411676749081 10,258752346796417
12,325888624113592 10,736152833611277
11,304461791653756 10,196092374745627
11,860088908340227 10,717744169343105
12,255995395697 6,168297988942732
11,60689827212281 6,887789540456419
13,056363509287062 5,829586131152285
10,888512097421438 10,495082811654612
11,433623762831209 9,993999437944517
11,23237009624435 9,693688382653978
11,538885895057906 9,836528927778208
11,515949589842243 9,489153151987113
10,8456714450932 9,610117284865003
11,623351468391375 10,71543700421118
12,403939386702296 6,573876837446475
10,953054952150712 9,611515112249268
11,630066286748008 6,957755879694464
13,070917115524386 6,065085956157202
11,843081179347388 9,542085331418747
12,192954567847492 6,979375182803783
11,038782214786874 10,444194915211549
11,584068022552291 10,846014663427043
11,51883396608366 10,732467980756478
12,768704973644825 7,105727175108615
11,931806292262724 6,272825508569783
12,72415590265721 6,023631360764867
11,5931998739181 6,358507317185439
11,781613080296978 10,024364028710249
11,867453081108811 9,84222491453165
11,78702329284423 5,75528886797981
11,539130873816585 10,420868046732704
11,209837705968452 9,713872790164729
11,214252936784654 10,604169674611164
12,907115395179234 6,114570336714119
12,09191855410967 6,669881156224816
11,531634793183363 6,502378144989721
11,253626096140778 10,46492089248933
11,621390340416708 10,275362752189336
11,72279851302891 10,011867714694665
12,974238937717042 6,366718670346337
11,555472696686058 7,006939781683344
11,765490733374852 9,62169538049773
13,077889577572993 7,043930551072425
12,00921247397036 6,254526236475893
11,760018711908673 6,114840758507873
10,759925998519641 9,819056364134957
12,794100958989574 5,794558465980502
11,286938844379263 9,990572068918407
11,07874392124324 9,681828877813446
11,82449057684096 9,85795721611327
11,904513458471234 6,627979829766564
11,583178029405149 10,915925968085315
12,379602570312166 9,988060781404815
10,764140560381756 9,615829957679043
10,919981351348419 10,517833204530842
11,591885713986752 10,737332941475977
12,257381611503138 6,025643277294222
12,024371410456851 6,632193093906564
12,110100601996603 7,039573802541174
11,39715042646393 10,029748019607892
11,912847766049042 6,5588249497088
12,250907390652214 6,788769900319295
11,111519621234065 10,916979071216154
12,34487638538914 5,782549047738358
12,480544768712386 6,837301185601449
12,371751145316985 9,604434070145647
12,080260525071576 6,187844928446152
11,18234972663127 10,371926392305767
12,789450848061277 6,402423912141314
12,923397153415918 6,776319131333177
12,293458372247075 6,903420611348851
11,017169806200005 10,423072116988866
12,747699297053138 6,170161313578081
11,452559919717094 10,26362766059089
11,137162577846969 10,663399742261298
12,367077803867627 9,53641174077362
12,283914993491637 10,729466803916184
11,525854684017922 7,084310849382419
12,707040456003584 6,769670645974655
12,362850999078727 7,090350728927629
11,120309281244461 10,585543381224214
11,80035969760527 6,916864902785467
12,848410610803766 7,064720541037277
12,651154364724924 7,013956283929469
11,51059701815049 10,102699365023415
10,734457266846967 10,153336980256615
12,974381884110528 7,084347246432829
11,916304661306771 6,659526155026921
12,044780113558842 6,864065994839567
12,717244395987695 6,79250454869364
12,906056587756591 6,636065834856877
12,48664703476893 6,436333842227788
11,30004235457978 10,586669744954568
11,139453948107272 10,058687848399648
12,79167921153644 6,468009752715894
13,133895346707861 6,463594105417737
12,758364876123546 6,608431659078474
12,94778777241901 6,92806555721145
12,263776142924053 7,047887089156091
10,758460092076753 9,701386554145254
12,128406146067118 7,02783133179745
11,624437825060713 10,723265655824653
11,479790303789285 10,227979754944299
12,479741020073709 5,808980004401675
12,3753936653913 6,029094874052356
10,918866479033936 9,850036923139307
11,52153839549825 7,135166789514402
10,713049639234727 10,15527924428694
12,43040164325106 6,904200685928497
11,536520544978154 6,418542270459158
11,467840462216605 10,050796297435419
12,046772562913965 6,242843584594957
11,61566472361077 6,639064714526826
11,06357324573626 10,563633630074635
10,939983987761051 10,02449862735842
12,07440760513883 10,911351621207984
12,765532586722326 6,960500210620575
12,828858903703969 6,270257213859453
11,933358875567562 6,01910845901836
12,08839148034556 10,172302670267829
10,986007948121022 9,672457559648691
11,481199644010479 10,49883885931235
11,27690610859523 10,650624664546996
12,483282532046916 7,037868740242503
12,289091337395247 10,737815333973025
13,210265990971555 6,082313805615973
12,87619699397744 5,868205251143289
10,864809753105048 10,780972401642009
10,814434274298474 9,96359633583241
12,009683724875941 10,650124177888593
11,010888202568994 10,951975989601157
12,752219070830286 6,388007471096137
11,064127021104174 10,838572136188493
11,107150390943463 10,37968328108762
12,31132213585536 9,700874197305327
12,33320169284761 7,127559031356675
12,32745671259332 6,992412261273701
12,382333320715176 10,761599939156614
12,396516666202826 6,792868997086731
13,006723114431715 6,905011542417017
12,038716811522859 5,727654626986275
13,19144599769418 6,824057334204178
11,607792990842176 6,646801238954788
11,860644335440346 6,948533981762481
12,126628392081383 10,722162499446219
11,973324595941277 5,817474556417988
12,62509056280223 6,781691184337796
11,831816089946672 10,186302578464975
11,130164620085402 10,435616653481603
12,643913261956564 5,790969380398378
11,291351893757499 10,502046773892591
11,790584710853787 6,620342271935912
12,972530785500483 6,183214835685968
10,74937997464587 9,791758781017009
12,117433370501669 7,130875605760531
10,837288491101852 9,606539461552329
12,34797786730442 9,738670578659034
11,482139991257853 10,44485260967974
12,141347256101708 9,797617464373415
11,810636594037303 9,999097873692875
10,77317723879437 9,863194848039686
12,13340495410816 10,61142450657939
12,04855671480056 9,627893967447921
10,872779397276616 10,613455168095792
11,616155946735315 5,902852092784792
11,98585387640498 10,412606220566902
12,000594947861662 10,18787205664696
12,29417930337177 6,505447801637371
12,577296648866826 6,646751545987153
12,344608667421127 6,368206153498172
11,771354214348934 6,364654139343387
12,232412450631623 5,915813628547182
11,279443548497133 10,614144211581443
12,007395016890095 10,813987770654776
12,037221135060427 6,813178159662207
11,632781232411284 10,381504993563697
12,24793082200818 9,593399282262833
12,529227487352797 5,818893802814038
12,6039004089508 6,696339295806629
12,17204776465733 10,28027644099851
11,820248341575011 6,464676442873831
10,961443305768329 10,733428095998725
12,46803468183694 5,951002098187676
12,019927377548328 6,272188852334555
12,362570050680334 6,229336540383924
12,26279980867633 6,60946636942385
13,189509141863555 6,923449007325224
11,13260878171974 9,81364973468862
10,979431938516509 10,558696244862485
11,297133452071638 10,828080974874362
12,914124322598097 6,207298210762775
12,441163201534852 6,629294493426627
13,020784190166369 6,331917173521199
11,947248549418537 6,62318047449954
12,556146569724563 6,462522575323805
12,735088812767781 6,886856966053399
13,063053781109124 6,897348533167353
12,340251055125496 6,631883536217371
11,09137783208318 10,895101230028795
11,682593097783625 5,808304635253857
11,409127862141352 10,182856774919752
11,692865988697468 6,568458560903687
12,038679691844376 9,998530413589254
11,964229640818864 9,768033843889686
12,17691181118101 10,921459860569271
13,085905470653431 6,081522483360556
12,334779650405016 5,8808995077467
11,537988574363919 9,54948471581995
10,847837366176142 10,594687381732456
12,833446932090897 6,080714075949302
13,170644025565434 6,956118900034528
12,962942171004151 6,427198783892777
12,358895138255525 9,676017698414906
11,488044359708365 9,856594431410407
12,755687125080279 6,376627853490355
11,810450779758806 9,665271615040846
10,878495241824895 10,765523020193458
13,108453859039942 5,879797504425651
11,26872642725352 10,875667647949784
11,504381799430465 10,164215794326141
11,981637120110307 5,852081393146487
11,303733385493368 10,864845284936797
12,27278931795058 10,009009197715377
12,369881457363732 10,750049646440624
12,996613578575342 6,021822072483979
12,334968273728228 9,46943049492653
12,845441058938787 6,071067072488332
12,936372379657975 6,495641203423144
12,1924754963201 6,286808005308182
12,120118886920185 6,054024735798172
12,266683147495188 9,616633990140786
12,99775183457259 6,222716295099533
11,489867054442907 10,22938816124178
10,789885136596771 10,168675122481433
12,112687365062884 6,49484182969626
11,490289775174027 10,577616487203269
12,33527355180246 6,162042692435929
11,97555110278291 9,935752411346053
11,63775726744657 10,864142933092406
12,102640448417091 7,111040165364812
11,996860071394218 6,362444918671185
12,474228859443022 5,920893641079132
12,47968142294563 6,124063409878349
11,956246147581734 7,165119873674623
11,10444769865158 9,695201173825534
12,014733027598345 9,802282519340176
11,347163861438252 10,353733557518312
11,188526795045282 9,667093500001194
12,590516586673965 5,755799442954848
11,875459030390632 7,149219312512586
11,413794106033185 10,520956475204082
11,863506994296614 9,521474687862804
10,857721859816 9,763544547891748
12,004542957957684 10,487750483228156
11,087157359999868 10,330529500460921
12,86630822820989 6,959985828467467
11,846958303214985 9,471097831506675
11,788970606656843 6,990683390497836
12,089608251350356 10,636877666113131
12,291798199608001 6,923361926355815
12,140334053730774 6,552417372469589
12,62017606748179 5,947345585544121
12,950123785051993 6,261480245636164
12,34900223573489 9,535731649490078
12,009281684687107 10,365674343622006
12,713522098680828 5,917924449381336
12,250922975813179 7,060266028267028
11,784733238724009 7,131154790017312
11,971907395359224 9,468744109928583
13,033680484284517 6,400020715775525
11,780791044327788 10,43939712888092
12,231198173104584 7,036938087941186
11,771261261729267 9,807274516519676
11,786265905966902 9,906194837525321
10,819079511823508 10,3487034001185
12,095292305439822 6,38209158098064
12,201007095125092 7,021329150826542
12,879943552229927 5,715804309607752
12,341424585382859 6,066845574626372
12,235955101223848 10,770460755222544
11,811370020779714 6,544609617772518
12,462983954576623 6,100843486917548
12,233703771153813 6,475370965388841
13,137030409170771 6,527795149412333
12,826067808304124 6,415112899090347
12,947377171956637 5,917397941014896
13,210746304364934 6,046518715254625
12,006716506085038 10,956146209463663
11,749274090897897 6,737205267448465
13,068446450164192 6,417145246338708
11,95186358641113 6,167107841911639
12,0292909675216 7,075904587131663
11,06575639974483 10,20526080141391
12,448151059663012 6,135335381064382
11,672064150955531 6,4862235030726
11,55084251581788 10,665436426150617
12,841055741019005 5,759129790726579
11,952800379373754 10,05384256297431
12,739674617797451 7,108130292811853
11,895137660880907 10,678168012993204
10,926371765104387 9,992735731360764
12,38037162444819 7,107298482290865
11,990667595127936 10,268947294973112
11,899252806183174 5,778119458323414
12,976568587255201 6,288499000394824
11,620534671444751 6,737419843274913
11,751761719544671 10,024473461843298
12,273243416787475 6,269172119505108
12,38697375618662 6,942347959765247
12,745711441017678 5,709584481072104
11,287475097859785 10,31916396591948
10,893270077859961 10,248447398922117
11,96220159922209 9,74340564780237
11,52683121328176 6,420029542567384
11,776006521971675 10,656206759089159
11,865906997468299 6,364695809417435
13,181712022905053 5,931515143248252
11,582176543756743 10,301732517968386
10,784434532842441 10,383046116501216
11,366405197867389 10,8298477097792
12,156907986817767 5,719639642703456
11,528814353058552 5,687746168359319
11,117144233771445 10,164952479340268
11,231261497296657 10,760956245278505
10,841347771425674 9,644078058321155
12,470435490060336 5,713362387503736
11,833793261184738 10,291620009380688
11,436895722188217 9,902147611258295
12,395140328914103 10,197238272077357
12,885102635210632 6,988956651668714
11,824892481077097 5,808419567967198
12,794264294783154 6,260630179578544
12,334753793152355 9,616240163632348
11,107283994820794 9,58048749132895
11,307963417974038 10,203785566478885
10,799744006358106 10,571368272953494
12,884254589681904 6,560330639446558
11,59459728618767 10,218313304750888
12,680047010930876 6,214030699886256
10,944249655083565 10,116637086617509
11,340546500396167 10,056862350342932
11,465853877338894 9,8269902659203
12,595572968945227 6,100124251359747
10,705987333840033 9,880601616437769
11,767899536489807 6,8463203702225
12,100184509658574 9,64626100121641
10,888170113925776 10,957168143973519
11,083228144389615 10,264841956654074
10,8858407923538 9,687855772838134
13,17057459997646 6,944305750572488
10,770950198733622 9,596416485072242
11,914155286864126 6,486629243040868
12,321942498414794 6,408531354932605
11,443634409425837 10,421901635842195
13,156800861358047 5,9905439846574
13,075257058919746 6,873557415634325
11,785325109744411 10,836209032538923
13,159494731542447 6,341356475334827
11,618231034467737 6,732822521016478
11,59015716957172 9,736830711186196
11,886613056948066 9,47321277067887
11,65444440545334 9,847537660092597
12,663958108944687 6,697262611544807
10,726589870720574 10,876170490858742
12,031901350953246 6,707498176540938
11,891978539176847 6,419596977755126
12,989980357375254 5,731281924161179
13,086760881368935 6,820526605726373
11,749221523902195 10,652902760930719
12,251579829445056 10,699083392905433
12,470507769464598 7,095196515414451
13,085808590840474 6,728869391692583
11,0772447341236 10,125309437036131
11,572278875705566 6,022468966627033
11,759987620812502 10,78986576480998
12,207357343649145 6,002755094512066
10,752901786370689 10,503468950790104
11,73241752555047 10,06376870819189
12,295875835595181 9,504770905673954
11,7842125582264 6,838392484021459
11,9235949449743 10,258348046988191
12,1035837482861 10,901139868699245
12,843949041350694 6,424432198227026
12,791858838917834 6,799851468875098
11,97508687276881 10,215019197083508
11,247035667102791 10,434648692563613
11,879397491917818 7,062806544759253
12,244126135751815 7,049920600496904
12,37018829363976 10,73903643433795
12,253471027559616 10,571031248357038
13,067463465071597 5,886483124263637
11,88869278479672 6,199350504373772
12,609012393810309 7,144014922987798
13,079897763091568 6,709344007742935
12,267564828722824 9,614021970270253
11,832534386659555 6,61443868989582
13,093015232666454 5,909358067261863
11,112270150513133 10,515038109037102
13,183998886035385 5,68665728380618
12,238738671532586 6,134438457458861
13,03363579664486 6,955759089056412
12,22223804351335 9,8869810485733
12,296849880569093 7,160343933965051
12,356706025560129 6,814813671129353
10,868692256523355 10,6674055830826
11,885084885358081 5,892829760812402
11,876406469786467 6,197606662534389
13,03571954817576 6,719999533389222
11,531289904307592 5,932673323228798
11,160000922496781 9,823302972610803
11,922136367406964 10,504396353978228
12,223541895363892 10,305246095266822
11,605754577443976 9,500830060114287
11,167035839968383 10,292096928792066
12,138183574453933 5,694178519957746
11,72297753971916 10,79864673022279
12,034553000582163 10,426529315944386
12,09832625650119 9,809600193017147
11,199314290919983 10,004749506993965
11,886393847324241 9,471578019261589
12,34814535342389 10,197877214818224
12,584039587893296 6,985215053149289
12,069532857867408 9,496018407118234
11,99446913743479 6,190097011899203
12,888208550137396 7,02063058054119
10,913763236312755 10,027003085053472
11,706475454127624 6,227998572134101
11,258002660889074 10,216204285110102
11,887528556794335 9,542440531035291
11,2588161958864 10,689113565077227
12,065001966613082 10,622016133964904
12,620941318760453 6,771712692281453
12,975292083036825 6,520946341613579
12,329015826475617 9,879054512512297
12,125188159597755 6,415857137431398
10,813018107210127 10,41569770297263
11,051418130157082 10,233873981638506
12,711762006320939 6,890159780704906
11,047891380239053 9,81979829436806
11,24637159745321 10,71198261912846
13,195925076488297 7,050442710656474
13,095743673215834 7,134554173843921
12,593175464467008 5,944201336571502
11,97047899319781 10,53666542489087
12,15286630384868 6,921418020191044
12,213221791567427 10,081425723610865
13,202341520014967 6,630621908349348
12,262499928291087 10,297269567456032
10,912803198949577 9,982270800460379
12,324689707995253 5,826478007406106
11,181602718210813 10,055319565681218
12,913185499356294 6,406980169235147
11,431436266785084 10,506738172544592
13,213921642808057 6,630266870509735
10,806710677593474 9,82434819633451
12,923745475164893 7,155541081203175
12,415907728446419 6,954564355041846
11,89804726200562 10,68447568140859
12,138997914407845 9,831152173329148
11,549638771031637 6,272541488554908
12,889057590142366 6,646442471915963
11,307372374116454 9,640649333840322
13,213809916463605 6,864501523204897
11,537525666125527 5,999515973506338
11,242275284629654 10,274254052288297
11,006088737757041 9,659404924100478
11,495950707642171 10,923399090225246
12,965318709429647 6,727786364090848
12,42666875996783 6,875243709801029
11,681905796189644 10,407912134490466
12,990324006426167 6,443474027268266
12,104193421723313 6,350565284525025
11,933867769589806 9,603795478309054
11,959944725628628 10,203948228777886
12,310890599048935 7,04188275634588
12,442668070479492 6,146493184253407
11,406989954489955 9,578426166777483
11,289208692709746 9,608553057136339
11,664880837599913 6,797136868285762
12,985518688925866 6,253053385837078
11,401684129054466 10,744766157979681
10,745056028058977 10,074886561922781
11,389858320908083 10,674954983435764
11,82456413471259 10,445557584931876
12,42092561948345 6,527775153971216
11,553513770833709 10,106223913389012
12,001837814890195 10,600154044790138
12,412047035715846 6,086312280222155
11,53935352014476 9,711903248262114
11,523699403688099 6,267420542552908
11,174320318192175 9,728370770248969
10,734212755243096 10,122038193756827
11,52863394734995 10,40548355480563
12,38150081324255 10,901476693772203
13,169894743934298 6,426627593174733
12,577681672581782 6,570095274807607
10,91478543627989 10,38258412910849
11,98723864318927 10,67850327201034
11,352476099854673 9,842411848164621
12,556184265308888 5,973557929539414
11,702558466194128 7,165535076368614
11,68646706954316 10,261529131185616
11,585554016148432 7,088339757945266
11,668309471895036 10,867584146469229
11,7574408957628 10,963541270641912
11,599463284205056 10,275636699365313
10,834473482726743 10,363923240014975
13,175795455747874 6,512831848177019
12,053233367579615 10,488191423273339
11,90345150049617 6,970818028587857
12,131461318740596 10,211964468937971
10,865033243342507 9,780813725194928
11,635549464975371 10,098379754572674
11,022909192002823 9,547203787031643
12,812885125454034 6,904156571674775
11,763941414082698 10,363164179037673
11,175106917686856 10,532110090956134
11,657558646105352 6,048961953956072
11,547119571053774 10,868924567527797
11,47292406161536 10,026000484545918
11,13487227605471 10,894443396536666
12,805435343131272 6,28342155764946
12,3069150439121 6,851576152623265
12,158558368683105 10,263732132234486
12,007413977282521 10,235718048159434
12,169124571018704 6,544464340205482
11,845143235872696 6,132790604281116
11,506002358179876 10,029703393900395
13,047161928697902 6,921624048418184
12,852999729125447 6,013017760457401
11,853316421112577 6,140120829054221
12,934713159007183 6,428374443849446
12,387549481062653 10,812357570479204
11,966559198309822 9,789369558944102
10,926895713438226 10,173000640851551
12,212946790557814 5,835664119818521
11,104317066266407 9,939959044512532
11,739240828047176 6,266856069247863
12,423770567758062 6,432303744158806
12,018497907476531 6,005528517517581
11,27511895330266 10,175810079011892
10,886912597456984 10,390906715279046
11,73516006657374 6,190769424835707
11,395881321016535 9,769811289326872
12,287460715914092 5,851243298577478
12,660628589309573 6,843503881986281
11,703809730857422 6,324388092195067
12,261574630548045 10,439254479081631
11,233928614598945 10,173621332906771
12,753620924686498 6,975039691296415
10,78654328039114 9,485946823039708
11,404030903605435 10,386177848379312
11,557702171872148 10,15090277167311
12,264991605693528 6,875745036313658
11,60742249122123 9,92393884590256
11,902415303676595 9,72320141323252
12,023426854676734 10,101281665490779
12,282626116045224 6,0625863038717
12,55416600218509 7,079958250629155
13,134444173841333 6,667512252221048
12,88594958290146 6,796942754586197
12,892273732053406 7,007704595328298
10,819088023805904 9,756634290363086
11,816592729950255 9,69325186860183
11,059166584017124 10,450016365631926
10,85405723453137 9,509279631796094
11,97555549596204 10,715227623203175
11,748352761438069 10,454380752812417
12,347574221109443 10,893769214829959
10,966327436726138 10,39470073808208
11,519459152967663 5,898694932238302
11,890662374612646 6,191134945657854
11,485847209357315 10,647648593719339
12,4834915128981 7,052897670703061
12,028828054779167 10,240187817536588
11,800884666505006 5,873113241730138
12,055793176848702 10,421726218815486
12,297382511739267 6,079528286793518
12,555408887621876 6,891232902469206
11,106783364944276 10,599435677756817
13,20074072315468 6,387525057609822
12,370192819742805 10,580664691777603
11,74775560364867 5,948135818396095
11,496097993043582 9,816919639721831
11,534218690684495 6,677472238178001
11,829638814099145 7,085513419164917
12,386520063827767 5,834525682582818
12,881438604903678 5,921864397245214
11,656038719343105 10,58193695970794
11,624089491706956 6,107961146444732
12,139128666052152 6,162120836869175
11,492858833593887 10,792141287589708
13,143302354632162 5,762299151893945
12,284274485768226 10,8503982424862
11,410512594617739 10,354984587237691
12,871056676746125 6,006373772545052
11,473142845512369 10,840519734133242
12,39180502443308 6,282803076724393
11,106215970433425 9,548500237459924
12,370771917560146 5,818893080098732
12,921414755944035 6,963763516330943
11,666381008253223 6,698680927759451
11,93570601376182 10,12425001371208
11,155111524352085 9,68100917777273
12,327508467669215 5,990748655867952
11,932458655522401 6,157741407093936
12,274263837062096 9,519016929055168
11,84756124952021 9,931433056027204
13,164379151767463 6,51379411734698
11,053489632933324 10,150234224143059
12,119701307441817 7,093235930489705
12,206282768255528 10,732629836131741
11,274649539646765 10,774398043206714
11,511282052624296 9,903149627856434
10,844497385897755 10,887102405323454
12,291235274352855 6,905604367120562
11,305831600318992 9,814025408332133
12,766442659218516 6,514382570118745
12,324370707310845 6,801138027833433
12,320050831256982 9,526199418812983
13,132584411374966 6,470874505585713
13,120612579198623 5,725635569254115
11,368105048108516 9,540933390745499
10,98276966555193 9,854686050765556
13,090017887648154 5,771614172458965
12,386932518848011 10,291520746645565
12,198625971053264 6,639251152815131
12,289258974014562 10,802466210485914
11,933946289323837 10,069871580875386
12,270185645964562 6,583988238485877
13,09816456219139 6,450712479227043
12,872488954514754 6,723462871666412
11,555955475893654 6,841727749526126
12,214795680374818 10,381551508531953
12,503236677435316 6,92213654735684
11,08431730406761 9,555987022079348
11,3323539642157 10,098030142247271
10,768218930175019 10,643727864677949
12,967394751993641 6,6564118576832
12,306321572628338 5,712775650425021
11,817676778639065 9,468478114107763
12,069808714728804 6,774066235940822
11,230099784199284 9,53108202013338
12,23542822666159 6,327374589165852
12,341229760492181 9,878788525177042
11,713904012275348 6,848932508521706
12,40365993385366 6,783350153144381
12,443253082836563 6,194414383819646
12,020970896092 5,971466649456141
12,177131436592322 6,745287863284449
11,174459816271323 10,27234548811281
11,892188807093545 9,952086998390813
12,20064926660428 10,884806332509125
13,014644392505359 6,78344836923941
12,027175391915389 10,38640767087248
10,712323002096714 9,515010330735185
11,197238790415335 10,094231415123309
12,002810950242678 9,651299109650905
11,84918530841472 10,35562197146938
11,515216240900925 9,521779124530704
11,78614082424699 6,028452238492514
12,578100967654663 7,030224229899868
12,373682604400589 7,082716370816019
10,742995482762657 10,547905076433741
12,454992460961614 5,756070752726538
10,924606021787978 9,631485598918104
12,032702235180675 10,383567790715466
11,975322319771951 6,445031625586918
13,141205853540308 5,888113231184156
11,866987455161551 5,902732002003756
12,219829416414779 7,026556871670849
11,729644537519372 6,728499718218372
12,92321247956787 6,386854063479816
12,902319708576822 6,005592515521415
11,563346990533981 5,976282611665504
10,83349000506734 10,076180339248875
10,761560078452066 10,933921898812146
12,538482840059212 6,17043674568982
12,113782731619343 10,760956825521067
11,164778989733833 10,84525146625471
12,5601906475097 6,760196801778798
10,794680750089125 10,890411318505436
11,735283462434545 10,133670891189412
13,04455269461193 6,517567969817129
11,419021744011047 10,848222955298327
10,931943486725347 9,53744954744757
12,814465187870518 6,617377554382381
11,935541424884043 10,553416157476962
12,01266295527829 7,176223045010665
13,135730531272387 5,983158352601977
12,38668037811555 7,10344576766791
12,108585022879895 7,176977343700087
11,584033969334406 10,062811312525579
11,377653361476158 10,942374486277004
12,165833738769207 10,68322771277347
12,461344432835556 5,842930838506811
11,685669976038731 10,013217474145865
12,978848682057189 6,664393308983123
12,20437765111722 6,605988995924074
12,202694276025357 10,311766435754473
12,145559806478259 5,955185455608209
12,20911818173347 7,012904329811083
12,774714345538001 6,065015786351822
10,901228380863413 10,242041704080647
11,746143061912603 7,039167961435888
12,666185054405679 7,092191198606685
12,771543765986225 6,289705576180569
11,893395659715795 10,644335872792691
12,317319969492015 10,261416658292031
11,736409799476696 6,086181844435827
12,2410803652408 5,721461434622963
11,793402380446746 10,415327622087121
11,621784771722986 7,014464688883353
12,96644667357972 6,94572830317655
11,219208964810798 9,500421412462565
12,516561126963667 5,757798050812523
13,111443032135387 7,023085784115539
11,888048166141225 10,656141330970291
12,752470664698947 7,012106100948362
12,248312134426401 7,071025114367375
12,753493392793445 6,593471314589337
10,944701384080412 9,832524077705003
12,710207332820525 5,948034968330416
12,902698640771927 6,325550047858489
12,944343141874262 5,95708947994087
11,948821863330542 10,03124526232923
13,084519605898198 6,882987780329548
12,315613199828238 9,754278039521626
11,219876410068071 10,569100357402604
12,87561951026774 6,215910774358477
13,04930110795869 6,401180350227158
12,168013158833086 6,364836482843469
11,568582741214678 9,61043590862525
11,919286438929761 7,153876756096665
11,80452772872208 10,17846660222548
13,147965842270269 6,071079624687857
12,61758083543646 5,712692488580353
10,993843981865773 10,68526445857856
11,799438070115578 9,473188618635811
11,796348337309077 6,924862742751276
11,655971179033688 6,950524176500336
12,212566253666681 10,502394775548147
13,065067188187104 7,122239636112727
12,364604049908344 10,345565965277665
11,135868788837382 10,395846323389296
12,904064715913355 7,029466784397604
11,724073999228589 9,929960327044558
12,038744888344368 10,742707863912875
11,892659619863274 10,67877636526586
12,58008708058099 6,738936958878814
10,841855892153 10,29131643231509
12,121000708265212 9,719174851718641
12,419628602884229 6,061758786715155
12,20635164960087 10,918059983326176
12,209818198527838 5,948712078674173
11,5275856017101 9,59233055855361
12,281841174116444 10,491513970925723
12,488376162441252 5,778763635421255
11,922007278697052 10,177247926677262
12,611767725503329 6,162821745776546
11,178823778960385 9,532501732448276
12,15302296467916 6,328413124180152
11,722236173952872 6,467131258853065
12,789987985878462 7,11045769073985
12,664475234164845 6,207213951148804
10,955017977509156 10,452399485899013
11,546730918012553 9,89465134781038
11,104571322631816 9,605979003890853
13,148371024269556 5,986353837151658
12,690931597997357 6,101822847169139
11,757845862505533 10,531200792126384
12,751320402413059 7,042111579919038
12,819283579453701 5,960131874995359
11,303173122854115 10,65146535681265
11,55601138006553 6,269144697559696
11,773368629047603 6,463893911626849
12,122071904059466 10,709725727621686
11,973634078434888 5,871604338746548
11,22599953329379 9,816473530808198
12,723287972838326 6,600165758417027
12,706881453003472 6,577464074096924
12,005565253633666 10,258193920086383
11,891050181203862 9,890166912648171
11,907849398086443 10,010527786264204
11,825093389459042 7,168920822958257
11,813370903188 6,124887401599493
12,870241844366682 5,943498541395948
11,091158960572455 9,945599390102293
13,102142333890693 6,789776344174278
12,431953385978977 5,976411289209569
11,572806328633275 6,871136113119625
12,988190756904645 6,076775850182574
11,317446857539316 10,565341954103724
10,811075325042395 10,458862123443213
10,852594824092227 10,780884430588307
12,512764410605612 6,475520738165218
11,570398155256944 6,175300246438289
11,444381931768094 9,642659009284532
11,668217823441893 6,734625078275733
11,709143720417448 9,978280960364824
11,780714259472969 9,619523700023146
10,966439258483547 10,045465367778537
10,76051323096608 10,62564508316579
11,577614490917135 10,303334164807584
11,59080500837913 10,579247520529673
12,315238359567125 6,980535682638289
11,969254393298211 9,546931957608507
12,146973415865297 6,617039508736549
12,716364535320285 5,698192607833628
11,713023349367283 6,557325790434965
11,471984820475202 10,949745898664496
11,521156049753666 6,727221933232751
12,114308941465419 5,711447172352721
