  X    Y
7,467 8,63
10,045 6,132
9,866 6,804
1,276 1,252
7,71 7,193
1,802 2,557
9,153 7,267
8,044 8,836
12,799 5,021
2,251 0,638
7,0 5,076
8,189 8,772
8,296 6,205
9,408 8,35
6,952 7,512
6,922 8,531
1,108 2,611
10,745 4,214
8,479 8,908
3,643 -0,405
11,004 8,349
10,545 3,87
8,838 5,553
9,248 8,893
3,822 4,332
2,116 -1,789
2,128 4,88
8,294 7,07
3,246 3,584
0,135 2,062
5,548 2,208
7,826 6,318
11,588 7,252
2,27 2,772
5,629 1,435
7,574 5,262
-1,027 2,72
6,879 7,131
7,742 8,244
0,376 -1,748
2,033 0,077
2,571 2,296
2,547 0,352
7,1 4,314
-1,32 -0,019
1,214 4,116
9,832 5,275
0,522 -0,708
6,55 5,96
7,795 8,05
7,392 9,775
12,288 5,513
8,057 10,442
3,918 -0,337
4,544 2,415
0,825 0,08
8,847 9,706
9,625 6,659
8,774 7,802
-1,603 1,296
5,932 1,274
8,744 7,483
6,615 4,97
1,424 3,523
5,194 -0,064
0,676 2,068
5,466 2,864
1,711 4,767
6,146 7,143
1,48 -0,614
0,084 -1,242
-0,598 -0,921
2,16 4,155
6,545 5,163
10,559 9,875
10,23 5,439
6,376 6,171
-0,61 -0,464
7,004 8,446
8,073 9,208
3,733 -0,403
0,845 -2,336
3,688 3,18
8,948 7,568
8,335 10,126
9,423 3,975
2,203 1,187
10,329 8,537
4,458 1,87
8,593 6,506
8,791 7,188
10,285 7,497
12,565 4,204
5,41 0,743
0,171 3,214
11,622 5,002
5,131 -0,19
8,737 5,106
13,439 5,344
7,979 3,684
3,388 2,052
3,535 2,566
11,596 4,777
6,825 6,129
-0,443 -1,143
8,156 7,431
2,616 4,635
-0,988 2,408
7,727 8,286
10,087 10,838
7,908 6,493
0,601 2,657
1,713 4,278
6,234 6,235
10,447 7,86
11,9 4,948
5,663 1,886
9,836 3,262
7,756 9,629
7,735 9,838
3,246 0,339
3,127 4,354
9,035 3,249
6,666 8,257
6,056 7,553
1,182 1,39
9,739 5,865
10,288 6,447
2,624 -0,507
8,292 5,362
5,498 0,015
13,781 7,627
8,719 4,994
3,911 2,537
2,152 -0,795
4,817 3,652
3,669 2,282
5,307 2,075
-0,423 0,82
5,067 1,662
1,055 -2,592
6,32 7,311
9,788 5,548
4,487 1,713
10,233 5,676
7,666 6,057
3,758 2,817
-0,638 3,39
10,765 9,579
11,113 4,196
3,508 1,11
4,513 -0,478
7,487 7,463
0,675 1,583
10,362 7,617
-0,778 1,647
8,675 7,108
6,57 6,109
3,203 2,769
5,761 1,116
0,917 3,284
6,538 8,109
5,245 2,537
7,753 7,664
1,96 2,956
-0,142 4,255
10,393 7,611
7,767 8,755
12,377 9,055
10,69 6,854
5,054 1,333
3,25 1,121
7,426 7,427
7,167 4,611
11,751 5,285
3,371 3,111
8,402 4,449
13,105 7,578
8,832 3,4
9,817 8,049
4,357 -0,19
10,623 10,386
9,724 5,261
6,814 9,305
0,305 1,374
4,128 2,769
0,656 3,32
7,733 5,028
8,148 9,212
0,004 3,093
9,17 7,964
9,375 7,897
11,954 4,986
2,077 4,756
9,86 4,273
5,438 2,91
-0,486 0,867
3,587 -2,248
6,033 7,422
12,091 7,877
5,625 0,243
8,477 7,313
12,949 8,634
11,089 7,716
2,141 3,623
-1,831 2,01
10,76 6,863
10,018 9,412
8,359 6,765
0,798 0,01
6,566 7,124
10,109 10,798
5,007 2,393
7,141 5,831
7,43 7,291
7,722 9,172
7,529 5,434
-0,422 1,442
4,665 2,697
5,843 0,749
4,544 2,794
5,788 2,04
12,158 7,151
7,814 4,569
1,524 -1,989
4,041 -1,569
8,801 9,086
10,509 9,891
5,089 2,491
7,004 5,077
8,648 10,442
0,651 2,091
2,31 2,138
7,53 4,819
2,44 -2,737
4,319 4,075
8,431 6,695
11,519 8,73
10,946 8,332
8,533 8,422
3,82 0,967
1,554 3,104
8,024 10,01
8,421 9,758
3,795 3,342
3,729 4,019
2,766 1,93
0,769 4,076
10,184 10,367
6,875 5,974
3,71 1,997
12,049 8,148
2,066 3,54
7,646 9,757
2,814 0,923
5,173 1,724
2,578 0,759
0,456 4,203
8,451 10,356
6,452 8,529
7,687 4,026
-0,854 -1,3
8,137 7,898
10,165 3,031
2,073 2,15
2,372 3,263
4,011 -1,25
3,476 3,375
1,224 -2,618
7,96 9,844
3,618 -0,533
5,554 1,188
1,229 4,638
9,01 6,982
6,201 7,073
6,535 7,449
4,598 -0,917
8,761 8,355
5,555 2,504
7,351 5,337
11,151 9,808
1,685 2,452
1,378 -0,188
-0,624 2,425
8,396 4,098
8,612 7,666
3,491 1,004
2,977 2,8
11,651 9,784
9,332 4,471
2,487 0,442
10,311 9,023
-0,28 2,917
5,415 1,697
3,719 2,894
3,679 -0,059
7,946 9,099
4,254 3,148
11,014 3,944
2,038 0,101
4,437 -0,356
10,041 3,746
3,989 1,127
10,578 6,505
4,193 -0,527
10,75 3,214
1,951 -1,792
5,63 0,863
3,039 4,721
6,178 6,824
9,419 8,42
12,201 7,734
5,14 -0,742
7,11 4,395
1,269 2,978
5,901 1,068
6,404 7,114
12,926 6,528
3,156 0,491
8,264 7,656
12,546 4,562
2,938 -0,823
0,485 3,595
2,441 0,739
4,588 1,581
7,154 9,784
9,346 6,175
1,582 4,678
3,871 3,159
11,349 7,376
3,689 2,266
2,493 4,064
2,787 0,242
2,762 1,166
3,492 3,015
7,523 6,921
12,709 8,464
4,214 3,006
3,591 2,554
6,785 6,938
2,179 2,773
7,961 4,564
5,215 0,17
5,481 -0,285
1,496 4,399
0,463 2,133
8,56 9,316
10,904 3,721
6,924 5,196
5,252 0,856
5,857 0,613
10,929 5,337
4,745 3,877
4,317 3,52
11,958 8,748
4,658 2,477
8,366 3,543
-0,777 2,023
4,694 3,211
8,47 5,225
9,451 5,516
8,059 5,476
10,877 8,234
5,96 1,23
6,628 6,313
4,238 1,442
8,106 7,016
1,722 4,69
6,938 4,583
5,504 0,49
0,84 3,878
12,378 4,827
9,685 3,044
10,217 8,093
0,133 3,876
12,286 8,385
3,015 -2,057
4,795 -0,313
2,241 1,838
3,464 1,82
11,015 5,516
0,832 4,777
11,006 3,779
5,445 1,201
0,864 4,794
7,397 5,498
3,949 1,841
0,21 3,214
7,073 9,503
3,842 1,702
10,298 5,452
4,898 0,631
-0,698 -1,731
9,046 4,93
8,896 3,712
6,524 8,309
9,806 7,836
0,613 0,634
4,097 -0,13
9,576 7,675
3,953 0,368
9,953 3,744
1,687 2,838
0,783 4,208
6,896 7,547
10,808 9,822
7,779 3,686
7,314 8,303
6,585 6,277
10,354 4,11
11,056 7,874
8,72 3,335
9,839 7,806
8,13 5,076
3,113 4,021
11,377 7,57
1,028 -0,227
3,044 1,447
10,211 6,774
-0,103 2,023
5,723 0,852
0,728 1,841
11,213 4,764
13,151 4,76
8,295 6,602
8,081 4,652
11,147 6,825
7,607 4,598
11,869 7,74
0,82 4,142
3,373 -1,545
6,814 9,032
8,149 8,378
8,787 6,439
10,719 5,494
9,675 3,952
8,674 4,109
11,213 5,755
2,205 -0,58
6,761 5,78
10,823 4,912
8,371 3,658
6,991 8,356
0,778 2,145
3,391 2,47
11,369 3,474
0,878 -1,844
12,087 5,552
7,478 4,573
12,205 4,769
4,721 2,107
4,683 2,416
1,42 2,94
9,28 7,516
-0,464 -0,171
2,148 3,451
2,291 3,12
7,848 6,927
10,117 5,267
11,776 5,552
9,212 5,646
12,616 4,053
5,92 0,389
10,135 4,999
10,467 10,07
9,636 5,561
4,177 0,282
9,102 3,177
2,213 2,277
9,263 8,637
8,648 3,753
2,099 3,113
3,026 3,679
8,974 8,291
-0,314 3,943
13,401 6,939
7,646 3,783
8,59 5,104
8,073 4,293
11,832 4,627
3,567 3,968
2,224 0,935
13,502 8,374
1,417 4,082
9,961 5,403
6,56 5,269
4,615 3,341
10,889 5,168
7,877 4,647
5,318 0,393
-1,738 1,916
5,206 0,521
1,563 -0,61
5,523 1,108
3,26 0,62
-0,21 4,28
10,053 10,971
4,79 -1,84
2,554 -0,204
8,855 5,54
-1,124 -0,767
11,746 9,81
9,727 5,514
-1,127 -1,014
0,122 2,776
5,064 3,463
7,641 4,028
9,154 8,129
0,525 1,449
7,211 4,832
8,55 4,13
7,104 5,666
13,712 6,491
6,574 5,939
8,018 8,552
10,435 3,293
8,69 9,45
0,461 2,902
7,409 7,835
7,075 8,057
8,618 9,627
1,145 4,249
9,868 10,354
6,118 6,24
9,846 7,675
-0,717 3,374
3,117 3,297
7,912 7,282
7,359 5,22
4,311 -2,245
8,686 8,236
2,869 2,452
1,602 2,725
12,146 8,287
8,886 5,047
3,237 -2,211
10,7 7,817
12,974 8,749
4,715 2,954
0,212 -0,88
8,141 6,046
8,389 9,179
0,982 1,89
8,572 10,039
9,431 4,939
0,037 1,076
7,062 4,398
7,371 4,741
4,36 1,069
5,189 3,174
2,083 4,972
7,696 9,268
4,3 3,943
9,827 9,956
1,677 4,436
-0,908 2,583
-1,175 2,249
1,739 0,673
1,326 -0,633
2,025 1,326
7,187 5,646
2,32 3,963
10,828 9,136
10,488 8,867
8,47 9,801
8,555 3,619
1,59 0,54
5,091 0,061
0,667 -1,828
2,695 4,796
5,166 2,912
0,663 2,415
1,175 0,81
-1,075 0,324
4,093 1,991
5,581 2,211
9,953 4,803
3,193 2,126
4,795 -1,496
8,758 3,259
7,488 8,137
4,997 3,424
9,626 10,301
6,5 6,802
1,705 0,037
7,593 5,792
1,919 2,296
2,745 -1,232
3,852 -1,569
-0,545 1,284
7,088 7,197
3,955 2,962
8,78 3,379
6,539 5,275
10,372 6,009
8,172 9,769
2,487 2,453
12,581 6,964
8,886 3,476
7,76 6,8
-0,721 1,939
9,97 7,924
9,162 5,145
6,58 5,07
2,009 -2,161
-1,797 -0,223
10,705 6,361
1,763 2,838
5,129 1,521
-1,312 2,881
11,193 4,138
3,118 -2,51
11,215 7,69
-0,16 2,962
8,618 6,931
5,629 2,613
8,709 8,035
4,437 2,111
10,106 7,259
5,421 0,712
7,516 4,036
11,167 7,168
2,574 -0,466
10,667 4,887
3,896 4,242
1,718 4,366
9,598 6,376
9,625 3,082
13,082 9,082
4,857 3,034
7,095 9,031
3,648 -0,733
0,347 0,459
3,43 2,539
5,476 2,451
0,283 2,543
10,57 9,306
7,384 9,263
0,663 0,99
9,836 6,969
1,573 3,148
8,385 7,506
6,233 7,555
1,541 -0,723
2,653 0,593
11,448 3,826
6,569 5,085
2,776 4,184
6,034 7,158
2,083 -1,239
7,111 8,232
9,271 3,507
-1,015 2,267
7,889 4,227
8,548 5,332
4,573 -0,031
1,2 3,912
7,96 5,466
7,367 9,264
7,781 4,738
8,403 5,052
3,785 4,257
8,626 4,378
3,861 2,09
2,695 -1,795
12,835 5,955
1,754 1,161
-1,235 1,699
4,575 3,469
6,068 7,54
2,083 -2,837
3,381 4,737
4,116 2,207
0,356 -2,515
2,268 2,492
3,456 4,173
6,985 9,405
2,905 2,316
0,216 3,569
10,979 9,672
4,567 -0,667
12,296 8,727
10,215 7,34
8,819 10,654
2,778 3,241
9,656 4,237
9,989 6,067
11,887 3,645
1,169 0,421
8,464 4,02
-0,254 -0,5
9,262 4,595
11,621 6,083
10,894 8,517
3,865 2,478
4,631 -0,18
3,793 -0,64
2,958 4,622
12,83 4,435
2,374 1,855
8,651 4,554
10,518 10,279
9,047 6,423
3,581 4,323
7,162 5,745
11,609 7,065
-1,39 1,748
0,383 4,466
10,777 7,096
6,418 6,525
4,923 2,907
7,095 5,163
9,413 8,761
1,888 -0,724
8,415 9,914
-0,846 2,774
9,075 4,75
4,414 3,682
9,72 5,48
9,911 7,412
8,195 4,395
0,171 3,621
12,945 8,475
0,63 3,988
8,821 10,123
-0,226 3,455
7,037 6,347
1,044 2,648
9,195 6,283
8,59 8,225
8,114 4,871
3,238 3,632
2,787 2,57
2,136 1,825
6,165 7,587
6,579 6,989
6,952 8,107
11,974 9,242
9,178 6,728
8,293 5,766
4,077 -1,027
11,441 6,594
1,182 -1,537
1,748 2,507
12,373 5,726
3,842 -1,781
-0,904 1,597
7,505 9,192
0,679 4,06
9,683 8,763
8,374 8,002
1,686 3,061
8,231 7,123
2,169 1,474
7,961 7,253
8,127 8,933
8,606 5,846
7,279 5,52
10,579 4,334
7,26 8,407
2,021 -2,333
11,043 6,95
5,095 2,642
-1,082 0,281
2,493 0,717
13,267 4,808
6,354 8,3
11,591 6,652
4,91 2,432
-1,512 0,875
2,455 2,44
2,009 1,841
3,559 2,419
4,979 3,236
1,05 3,292
6,254 5,932
2,044 4,971
9,02 6,963
1,651 0,323
12,999 7,017
9,691 7,85
6,868 7,734
1,883 4,909
1,896 -1,456
7,683 8,751
7,891 9,998
6,793 6,389
3,441 3,149
9,398 8,758
7,43 6,824
8,749 3,25
3,263 2,359
1,564 -1,642
9,617 8,665
-1,82 2,075
6,427 6,605
10,154 8,284
1,242 -0,172
0,54 4,082
0,088 3,028
8,885 5,617
7,004 9,123
-1,02 -0,454
7,56 5,317
-1,308 2,22
2,774 1,755
11,583 5,871
4,005 -2,021
2,062 -2,161
8,366 5,844
7,81 4,974
3,973 0,627
7,464 9,59
2,126 4,41
12,379 7,946
8,727 8,664
5,871 1,096
-0,548 -0,727
0,848 4,023
2,566 0,909
9,526 4,435
8,168 8,302
3,197 2,116
10,936 6,655
8,131 8,457
11,72 4,656
4,671 0,466
6,774 6,623
0,338 2,083
4,035 -0,322
11,828 9,627
10,958 4,765
11,868 5,834
5,309 2,632
8,729 6,661
7,198 8,261
-1,097 2,776
1,935 1,671
11,382 9,865
8,961 3,715
3,945 3,799
2,428 1,049
2,68 3,062
-1,361 2,082
4,829 0,126
10,394 5,978
8,501 4,535
4,407 2,769
10,979 6,967
9,882 3,822
12,169 4,395
-0,833 1,114
2,529 2,865
4,232 3,465
2,674 0,473
5,328 2,501
4,339 -1,734
2,74 2,536
3,179 4,167
2,961 0,491
11,296 7,959
9,872 5,772
4,484 3,237
0,791 3,747
11,561 8,296
1,936 1,314
1,97 3,012
-1,447 2,936
10,159 6,259
10,685 3,439
5,797 1,058
1,34 -1,169
9,576 7,267
4,215 3,419
-1,891 0,202
7,565 4,377
-0,206 3,142
7,789 8,821
8,253 7,944
-0,962 3,271
10,285 5,186
8,699 6,315
7,035 5,826
7,658 6,764
7,226 6,445
8,846 5,713
3,575 -1,996
5,495 0,002
6,403 6,922
10,731 5,259
1,706 3,921
4,438 -0,002
3,587 0,66
1,816 3,193
6,093 6,481
10,517 3,559
6,961 5,891
-0,998 3,275
7,022 5,942
10,191 5,928
10,006 10,957
9,019 5,091
10,209 10,615
4,565 -0,628
8,882 7,726
2,12 3,023
5,226 -0,16
5,068 2,71
4,599 1,3
10,896 7,123
7,63 6,997
13,022 6,307
8,051 6,506
8,906 5,795
12,375 5,97
10,258 4,424
2,922 -0,577
2,683 -2,464
0,734 3,499
10,493 4,498
4,157 0,015
7,918 8,867
4,287 4,124
12,454 3,939
10,719 6,931
11,479 5,346
9,891 8,044
7,542 7,357
5,911 0,389
8,439 6,258
10,211 7,918
11,281 3,937
8,024 10,257
2,77 4,816
8,536 8,781
0,145 3,947
10,97 3,82
11,602 10,114
6,541 8,433
0,874 -0,294
2,132 0,755
3,67 -1,094
2,613 4,489
8,603 9,152
8,549 6,831
2,891 1,263
6,597 6,166
4,375 3,854
11,685 5,658
9,077 9,584
0,393 4,313
12,802 7,59
8,479 7,399
10,706 4,428
0,971 3,897
-1,064 3,432
6,585 8,311
8,387 8,857
10,512 7,062
2,285 3,402
7,834 9,583
11,908 10,126
12,417 7,04
6,229 5,897
8,385 5,028
7,778 8,229
10,885 7,945
6,715 5,526
6,255 8,065
6,882 8,419
9,596 5,843
9,008 5,292
9,691 8,369
10,375 9,595
7,651 6,752
9,347 5,774
10,441 4,84
12,674 7,136
9,805 3,219
12,897 8,494
11,387 6,492
10,786 8,036
9,997 5,363
10,875 7,635
10,258 7,206
10,082 6,411
12,3 9,039
8,97 9,922
11,86 4,148
9,405 5,525
7,454 4,25
8,879 4,344
8,34 7,168
8,007 4,461
9,534 8,851
