16489
25264
24197
14084
15742
21414
28761
22124
25177
7611
24400
26796
24762
6742
8752
10001
19287
12157
17086
18398
4799
13622
23773
7385
5778
16726
28665
15524
14744
28002
29311
14089
16403
25806
24252
17125
24957
9064
18097
29534
28921
28022
7027
25536
9349
6365
4586
19479
15232
27136
19617
9606
9141
8064
24092
11948
23091
26565
24492
12559
16630
16733
21631
13426
19477
17553
21211
26575
23690
29793
13433
15488
5333
13013
5594
21119
5534
16366
4814
21690
27529
14718
27677
23008
20760
21898
15639
14690
19899
9950
16211
19848
29218
27946
6549
20795
27527
24986
29153
8514
9934
29385
29497
14964
11682
13733
15186
28850
9493
9298
8482
5991
25198
7971
26202
27843
16469
7312
20923
5208
29012
15905
22965
18847
25282
4717
13196
27926
28308
6317
23590
7261
10352
14660
5337
13367
11768
18513
6696
17833
12385
21687
29127
17891
26103
27261
24701
17480
15846
28760
7403
15021
16109
7817
14425
29061
22398
19376
6694
23287
13521
11861
21968
6386
20531
6176
6623
19615
26475
12371
8537
20200
24742
8898
18851
27258
22527
17788
16924
14682
16686
7837
9952
15575
29371
10024
19319
10210
15654
11224
27562
26321
24026
17709
6118
19652
18490
25383
25219
19764
28145
23055
28340
17835
12694
17149
9295
13696
10897
15040
20647
14033
28438
8092
12421
10945
29334
6797
8361
6232
13876
6187
24375
17462
5516
23911
23958
22956
19262
24384
8308
20511
29494
29662
28396
5305
4714
24958
10023
27874
7358
27889
15527
6864
21216
20965
18363
19010
16281
18249
16053
27628
7931
16308
19215
13254
16800
18997
20472
18797
9117
6158
17339
12528
16150
5145
6573
18978
12664
14679
25247
13981
25623
7251
28812
20283
18190
16420
21978
16844
22673
10213
23881
5935
8377
16717
25820
20848
28000
23069
13436
10060
14907
7971
6296
22110
8405
23201
18497
23629
8618
10874
17300
26862
16731
6330
20642
22582
12926
20642
9787
27500
4928
12375
6499
11157
26732
16798
21606
21207
26012
18312
29659
29928
5911
23296
8654
24507
15578
8292
27259
8416
5093
11649
15451
9381
15918
16186
14037
22627
17052
6187
21476
6576
17046
16734
12725
28681
28105
17239
22657
26647
20741
28255
7741
10201
16402
13532
7208
6145
6571
27386
20835
13157
26688
13061
5897
11737
8203
14715
7808
22175
21716
5088
18252
6852
14601
27186
10853
5961
26359
19064
17608
25620
24399
14407
7307
18608
28799
17696
6224
9280
9901
25594
10617
11146
22807
8248
13837
21303
12936
20108
11159
22585
5079
15910
29363
26791
23421
7244
16086
12098
21348
25828
13853
23110
28277
26916
27983
5249
23804
29390
21958
24757
29249
13089
10790
26314
25130
19840
19245
29490
19651
17905
10575
23651
13688
29839
21903
29082
6038
6468
20608
11618
15846
28700
23567
14795
17776
26818
24368
29273
17678
9902
16793
5986
19753
11923
8966
19379
22006
21690
29711
23786
16574
22197
18789
26517
7707
19244
24136
9766
10392
8324
7283
14957
28555
27188
17886
21439
22211
12008
15766
10405
16680
10410
8503
19444
28410
16104
15531
28057
6854
7769
19930
26894
20456
23506
7885
22620
17530
7885
18796
26747
6507
6204
19405
5963
9143
17100
29591
11566
14296
20044
26720
6647
23466
22464
20013
18829
10725
11091
12483
15321
12139
4506
25732
29120
8776
10241
11889
9011
10748
10267
18440
7044
15135
11365
23626
16783
17982
15697
11567
19975
7721
12553
24640
11934
22704
11078
12868
28721
11473
23326
12466
29192
17885
8497
14507
15013
22840
22444
17975
21671
12263
25183
19102
26373
29190
14469
11560
11572
10768
10131
13800
9499
15371
20523
18948
15386
28041
22876
17406
11975
15893
28310
8134
6870
11156
10019
8833
19153
13010
29684
13593
5636
11392
12719
25845
24920
4826
26878
27713
8470
22355
24165
27139
20003
20606
9783
10381
17881
21916
16988
12300
6333
14793
7121
17865
18099
6347
22923
5376
21491
22196
18952
21425
14971
13956
18133
16993
6705
12252
16565
29552
21902
9067
11880
6735
17771
29985
5389
17659
26142
17344
12047
17787
9562
17605
29892
24419
15641
18907
25861
5809
10378
11689
24655
29981
18885
19742
27266
29334
27135
11870
26342
4702
28093
15112
7507
19621
18085
11599
29109
27576
25360
17321
6502
22498
21837
29464
22600
22392
5080
27729
16682
26902
21620
27550
10731
9553
26472
20311
12815
19893
27787
22719
16743
26658
13986
16221
15973
15127
18694
25691
7590
22213
5422
20704
26502
8623
15525
16188
5545
9297
11255
26186
7352
7960
6808
27507
27807
9066
22244
17529
7676
10103
24061
14863
5786
5011
13405
20678
25578
13312
27174
8227
5083
19752
16307
5437
4507
17752
29914
16894
24046
25240
15712
15745
16210
20456
18233
20932
17165
6684
28864
10935
20236
21454
11978
12584
29443
11933
24511
5266
7778
7320
18364
8264
26667
7767
29411
21964
28875
5048
9945
17569
21714
25126
17682
20952
12637
5529
7414
19320
8742
26425
15188
19050
23638
6856
13471
19788
28449
13545
26323
20055
26126
27367
22903
19823
25508
6473
7021
9183
18436
17307
23829
9196
20125
26416
15575
11678
15079
11873
8394
14033
10642
23796
5118
15886
22535
12243
10899
14593
23086
16300
27667
23625
12553
5647
8524
27381
13922
29477
24399
14309
6128
6723
15535
5932
8305
16264
22569
22125
6239
29387
28871
25732
12005
24186
5172
11143
11633
29512
25403
6633
28283
25995
13335
26513
10801
11454
23247
6993
15918
5604
13466
25062
5886
21485
18171
11762
16728
24831
20370
5991
26831
28419
26064
5014
27698
17888
28824
20473
5946
4750
25432
14545
16232
14453
11659
20001
17481
25962
16539
8602
14407
16227
27341
4599
20255
27924
29269
29143
12416
27452
17246
6722
17266
15564
26739
21805
29129
8077
5497
16665
25287
16637
18194
27275
8499
11045
4765
8562
6373
17579
16868
23457
21636
29007
21709
22070
9069
23036
16490
5835
17765
12768
29675
7540
25027
29021
22428
5688
5522
24001
8619
27115
6930
7518
23965
9351
8397
11864
11516
24916
22461
21721
22866
23156
11850
28857
22866
29810
25595
16280
28783
5924
17635
8690
24823
24960
24246
27649
13569
26013
14103
4681
18261
4780
10723
29919
17577
17530
22204
27676
23038
22041
6335
14724
19852
25046
11350
6012
14239
29951
27591
19377
8401